0
0
0
0
0
0
0
0
0
0
0
0
0
0
0
0
0
0
0
0
0
0
0
0
0
0
0
0
0
0
0
0
0
0
0
0
0
0
0
0
0
0
0
0
0
0
0
0
0
0
0
0
0
0
0
0
0
0
0
0
0
0
0
0
0
0
0
0
0
0
0
0
0
0
0
0
0
0
0
0
0
0
0
0
0
0
0
0
0
0
0
0
0
0
0
0
0
0
0
0
0
0
0
0
0
0
0
0
0
0
0
0
0
0
0
0
0
0
0
0
0
0
0
0
0
0
0
0
0
0
0
0
0
0
0
0
0
0
0
0
0
0
0
0
0
0
0
0
0
0
0
0
0
0
0
0
0
0
0
0
0
0
0
0
0
0
0
0
0
0
0
0
0
0
0
0
0
0
0
0
0
0
0
0
0
0
0
0
0
0
0
0
0
0
0
0
0
0
0
0
0
0
0
0
0
0
0
0
0
0
0
0
0
0
0
0
0
0
0
0
0
0
0
0
0
0
0
0
0
0
0
0
0
0
0
0
0
0
0
0
0
0
0
0
0
0
0
0
0
0
0
0
0
0
0
0
0
0
0
0
0
0
0
0
0
0
0
0
0
0
0
0
0
0
0
0
0
0
0
0
0
0
0
0
0
0
0
0
0
0
0
0
0
0
0
0
0
0
0
0
0
0
0
0
0
0
0
0
0
0
0
0
0
0
0
0
0
0
0
0
0
0
0
0
0
0
0
0
0
0
0
0
0
0
0
0
0
0
0
0
0
0
0
0
0
0
0
0
0
0
0
0
0
0
0
0
0
0
0
0
0
0
0
0
0
0
0
0
0
0
0
0
0
0
0
0
0
0
0
0
0
0
0
0
0
0
0
0
0
0
0
0
0
0
0
0
0
0
0
0
0
0
0
0
0
0
0
0
0
0
0
0
0
0
0
0
0
0
0
0
0
0
0
0
0
0
0
0
0
0
0
0
0
0
0
0
0
0
0
0
0
0
0
0
0
0
0
0
0
0
0
0
0
0
0
0
0
0
0
0
0
0
0
0
0
0
0
0
0
0
0
0
0
0
0
0
0
0
0
0
0
0
0
0
0
0
0
0
0
0
0
0
0
0
0
0
0
0
0
0
-5.82
-15.32
-26.79
-38.69
-50.01
-63.72
-77.14
-92.69
-106.05
-118.28
-127.74
-138.77
-150.67
-161.03
-172.43
-3.11
-13.78
-22.52
-32.01
-41.41
-51.81
-60.85
-70.53
-80.05
-88.6
-97.62
-104.76
-112.15
-118.97
-127.12
-134.7
-143.66
-153.64
-161.2
-168.42
-174.63
-2.75
-11.22
-19.52
-25.96
-33.34
-40.84
-47.51
-55.99
-63.17
-71.21
-78.94
-87.63
-95.52
-104.26
-111.18
-118.06
-121.45
-123.54
-123.85
-126.91
-133.38
-140.85
-151.08
-159.97
-168.56
-175.39
-4.01
-13.55
-23.44
-34.02
-42.83
-51.62
-59.39
-67.74
-76.56
-83.81
-91.88
-100.16
-107.77
-115.76
-122.96
-128.19
-131.77
-133.88
-138.98
-145.07
-153.94
-163.97
-173.4
-3.41
-12.11
-21.07
-28.21
-35.39
-42.27
-51.16
-58.96
-67.77
-76.11
-86.59
-95.37
-102.37
-109.74
-117.04
-125.24
-132.06
-138.5
-144.36
-151.78
-158.64
-166.44
-174.02
-3.96
-13.76
-23.75
-34.76
-44.42
-54.22
-61.49
-67.86
-75.27
-83.17
-92.05
-101.87
-110.25
-118.54
-125.06
-129.69
-133.66
-136.78
-140.66
-144.99
-151.04
-157.58
-164.34
-172.64
-0.36
-7.68
-13.79
-20.32
-27.7
-36.83
-44.42
-52.48
-59.15
-66.05
-70.35
-74.64
-80.37
-86.02
-93.17
-100.23
-107.64
-113.32
-118.91
-123.78
-127.83
-132.06
-135.44
-139.89
-144.09
-149.62
-154.17
-158.63
-161.89
-165.25
-168.84
-173.94
-179.72
-5.66
-11.93
-17.75
-24.71
-30.07
-36.08
-41.13
-44.73
-47.93
-51.78
-55.78
-59.94
-64.87
-69.25
-74.14
-78.07
-83.04
-88.08
-94.83
-102.27
-108.8
-115.84
-122.14
-128.02
-131.45
-134.2
-137.01
-140.83
-143.82
-146.92
-150.91
-156.5
-162.33
-167.14
-172
-175.81
-1.3
-5.74
-11.54
-18.12
-25.8
-35
-44.46
-53.51
-59.22
-64.45
-69.64
-76.97
-82.91
-90.12
-97.34
-104.77
-112.45
-119.11
-125.42
-130.43
-135.78
-140.06
-145.8
-150.73
-156.17
-159.41
-162.07
-163.81
-167.26
-171.5
-175.84
-2.47
-9.86
-18.66
-27.27
-36.05
-41.83
-47.09
-51.6
-57.29
-62.26
-68.21
-73.94
-78.67
-82.57
-86.89
-92.84
-98.56
-105
-111.01
-118.56
-124.92
-130.69
-135.28
-140.11
-144.53
-147.62
-150.93
-155.78
-161.78
-167.8
-173.68
-179.09
-5.04
-10.49
-16.81
-23.09
-28.92
-37.16
-44.94
-53.2
-59.78
-66.14
-72.36
-79.94
-86.09
-91.44
-97.69
-104.07
-111.91
-117.96
-124.46
-130.53
-136.67
-143.05
-148.4
-154.46
-159.87
-166.59
-173.3
-0.63
-7.79
-17.41
-25.07
-32.93
-38.05
-44.1
-51.54
-59.37
-66.24
-72.69
-79.14
-85.12
-91.89
-96.41
-101.72
-108.44
-116.6
-123.81
-130.53
-136.15
-142.21
-147.9
-153.28
-158.94
-163.86
-171.41
-178.31
-4.82
-10.35
-16.8
-22.65
-28.35
-35.51
-42.55
-50.82
-58.68
-66.79
-72.96
-79.43
-86.53
-92.97
-99.47
-104.18
-111.44
-118.81
-125.94
-131.43
-137.99
-144.3
-149.86
-154.82
-158.59
-164.54
-170.31
-177.85
-3.29
-8.61
-13.07
-17.86
-23.11
-27.63
-34.11
-41.85
-51.24
-60.07
-68.38
-74.37
-79.87
-85.84
-92.69
-100.02
-104.59
-109.66
-117.08
-125.65
-130.56
-134.81
-141.42
-149.81
-155.79
-160.3
-164.3
-170.19
-177.69
-6.12
-13.52
-20.55
-28.31
-34.79
-41.4
-47.64
-56.32
-65.06
-74.32
-81.19
-86.39
-91.46
-97.98
-105.39
-110.8
-117.24
-124.78
-134.63
-141.68
-148.18
-153.19
-158.54
-163.08
-165.73
-167.01
-170.07
-176.41
-2.78
-10.43
-17.23
-24.81
-30.5
-35.78
-40.25
-47.07
-54.9
-64.83
-74.27
-81.15
-88.38
-94.46
-101.65
-108.64
-115.43
-120.1
-128
-137.81
-143.94
-146.52
-148.3
-152.03
-157.14
-161.8
-165.78
-171.02
-177.47
-2.89
-8.27
-13.58
-20.01
-25.99
-32.4
-37.89
-44.51
-51.41
-59.01
-68.27
-77.76
-87.04
-95.64
-103.34
-109.88
-117.53
-124.45
-131.95
-140.68
-148.91
-155.52
-159.92
-161.86
-163.6
-168.58
-174.07
-0.95
-8.47
-17.09
-24.18
-31.53
-37.66
-44.24
-49.65
-55.86
-63.91
-72.89
-83.42
-91.03
-97.17
-102.52
-108.25
-114.76
-122.57
-129.37
-135.58
-143.27
-152.08
-160
-162.88
-164.98
-168.22
-174.44
-174.44
-174.44
-174.44
-174.44
-174.44
-174.44
-174.44
-174.44
-174.44
-174.44
-174.44
-174.44
-174.44
-174.44
-174.44
-174.44
-174.44
-174.44
-174.44
-174.44
-174.44
-174.44
-174.44
-174.44
-174.44
-174.44
-174.44
-174.44
-174.44
-174.44
-174.44
-174.44
-174.44
-174.44
-174.44
-174.44
-174.44
-174.44
-174.44
-174.44
-174.44
-174.44
-174.44
-174.44
-174.44
-174.44
-174.44
-174.44
-174.44
-174.44
-174.44
-174.44
-174.44
-174.44
-174.44
-174.44
-174.44
-174.44
-174.44
-174.44
-174.44
-174.44
-174.44
-174.44
-174.44
-174.44
-174.44
-174.44
-174.44
-174.44
-174.44
-174.44
-174.44
-174.44
-174.44
-174.44
-174.44
-174.44
-174.44
-174.44
-174.44
-174.44
-174.44
-174.44
-174.44
-174.44
-174.44
-174.44
-174.44
-174.44
-174.44
-174.44
-174.44
-174.44
-174.44
-174.44
-174.44
-174.44
-174.44
-174.44
-174.44
-174.44
-174.44
-174.44
-174.44
-174.44
-174.44
-174.44
-174.44
-174.44
-174.44
-174.44
-174.44
-174.44
-174.44
-174.44
-174.44
-174.44
-174.44
-174.44
-174.44
-174.44
-174.44
-174.44
-174.44
-174.44
-174.44
-174.44
-174.44
-174.44
-174.44
-174.44
-174.44
-174.44
-174.44
-174.44
-174.44
-174.44
-174.44
-174.44
-174.44
-174.44
-174.44
-174.44
-174.44
-174.44
-174.44
-174.44
-174.44
-174.44
-174.44
-174.44
-174.44
-174.44
-174.44
-174.44
-174.44
-174.44
-174.44
-174.44
-174.44
-174.44
-174.44
-174.44
-174.44
-174.44
-174.44
-174.44
-174.44
-174.44
-174.44
-174.44
-174.44
-174.44
-174.44
-174.44
-174.44
-174.44
-174.44
-174.44
-174.44
-174.44
-174.44
-174.44
-174.44
-174.44
-174.44
-174.44
-174.44
-174.44
-174.44
-174.44
-174.44
-174.44
-174.44
-174.44
-174.44
-174.44
-174.44
-174.44
-174.44
-174.44
-174.44
-174.44
-174.44
-174.44
-174.44
-174.44
-174.44
-174.44
-174.44
-174.44
-174.44
-174.44
-174.44
-174.44
-174.44
-174.44
-174.44
-174.44
-174.44
-174.44
-174.44
-174.44
-174.44
-174.44
-174.44
-174.44
-174.44
-174.44
-174.44
-174.44
-174.44
-174.44
-174.44
-174.44
-174.44
-174.44
-174.44
-174.44
-174.44
-174.44
-174.44
-174.44
-174.44
-174.44
-174.44
-174.44
-174.44
-174.44
-174.44
-174.44
-174.44
-174.44
-174.44
-174.44
-174.44
-174.44
-174.44
-174.44
-174.44
-174.44
-174.44
-174.44
-174.44
-174.44
-174.44
-174.44
-174.44
-174.44
-174.44
-174.44
-174.44
-174.44
-174.44
-174.44
-174.44
-174.44
-174.44
-174.44
-174.44
-174.44
-174.44
-174.44
-174.44
-174.44
-174.44
-174.44
-174.44
-174.44
-174.44
-174.44
-174.44
-174.44
-174.44
-174.44
-174.44
-174.44
-174.44
-174.44
-174.44
-174.44
-174.44
-174.44
-174.44
-174.44
-174.44
-174.44
-174.44
-174.44
-174.44
-174.44
-174.44
-174.44
-174.44
-174.44
-174.44
-174.44
-174.44
-174.44
-174.44
-174.44
-174.44
-174.44
-174.44
-174.44
-174.44
-174.44
-174.44
-174.44
-174.44
-174.44
-174.44
-174.44
-174.44
-174.44
-174.44
-174.44
-174.44
-174.44
-174.44
-174.44
-174.44
-174.44
-174.44
-174.44
-174.44
-174.44
-174.44
-174.44
-174.44
-174.44
-174.44
-174.44
-174.44
-174.44
-174.44
-174.44
-174.44
-174.44
-174.44
-174.44
-174.44
-174.44
-174.44
-174.44
-174.44
-174.44
-174.44
-174.44
-174.44
-174.44
-174.44
-174.44
-174.44
-174.44
-174.44
-174.44
-174.44
-174.44
-174.44
-174.44
-174.44
-174.44
-174.44
-174.44
-174.44
-174.44
-174.44
-174.44
-174.44
-174.44
-174.44
-174.44
-174.44
-174.44
-174.44
-174.44
-174.44
-174.44
-174.44
-174.44
-174.44
-174.44
-174.44
-174.44
-174.44
-174.44
-174.44
-174.44
-174.44
-174.44
-174.44
-174.44
-174.44
-174.44
-174.44
-174.44
-174.44
-174.44
-174.44
-174.44
-174.44
-174.44
-174.44
-174.44
-174.44
-174.44
-174.44
-174.44
-174.44
-174.44
-174.44
-174.44
-174.44
-174.44
-174.44
-174.44
-174.44
-174.44
-174.44
-174.44
-174.44
-174.44
-174.44
-174.44
-174.44
-174.44
-174.44
-174.44
-174.44
-174.44
-174.44
-174.44
-174.44
-174.44
-174.44
-174.44
-174.44
-174.44
-174.44
-174.44
-174.44
-174.44
-174.44
-174.44
-174.44
-174.44
-174.44
-174.44
-174.44
-174.44
-174.44
-174.44
-174.44
-174.44
-174.44
-174.44
-174.44
-174.44
-174.44
-174.44
-174.44
-174.44
-174.44
-174.44
-174.44
-174.44
-174.44
-174.44
-174.44
-174.44
-174.44
-174.44
-174.44
-174.44
-174.44
-174.44
-174.44
-174.44
-174.44
-164.55
-166.43
-172.18
-178.31
-4.74
-9.04
-10.59
-10.75
-11.41
-12.06
-12.99
-18.6
-25.36
-32.79
-39.61
-47.99
-55.39
-64.53
-71.76
-79.4
-86.78
-95.92
-104.66
-112.59
-122.47
-133.28
-143.91
-150.15
-154.01
-157.35
-162.42
-167.45
-173.6
-179.7
-5.75
-12.58
-19.49
-27.1
-34.43
-43.65
-52.13
-61.71
-70.95
-80.8
-87.36
-92.37
-98.35
-104.81
-112.1
-118.46
-125.92
-133.78
-143.27
-149.93
-153.73
-156.18
-159.04
-163.01
-169.49
-178.39
-6.25
-14.77
-21.58
-28.05
-35.03
-42.6
-51.34
-60.05
-69.25
-79.38
-87.8
-94.1
-99.72
-105.04
-113.3
-121.39
-130.24
-139.92
-149.21
-156.72
-161.07
-163.04
-164.24
-165.95
-168.58
-174.84
-2.87
-11.59
-19.07
-26.31
-31.24
-34.97
-38.67
-41.95
-45.12
-49.97
-56.78
-63
-70.08
-76.09
-83.12
-90.03
-96.88
-102.42
-107.56
-112.99
-119.81
-127.44
-133.94
-141.81
-149.97
-156.77
-159.03
-159.26
-159.17
-159.25
-159.69
-163.28
-169
-173.56
-179.59
-5.85
-13.37
-21.07
-29.36
-35.55
-42.16
-47.46
-54.06
-61.24
-70.73
-82.26
-92.7
-102.49
-109.42
-114.54
-120.22
-128.5
-137.35
-146.78
-155.38
-165.58
-172.75
-177.21
-179.79
-2.7
-7.37
-11.64
-16.65
-21.72
-28.14
-34.34
-39.29
-43.73
-46.93
-52.57
-58.62
-65.56
-71.14
-77.57
-85.24
-92.42
-100.58
-108.49
-115.1
-120.29
-126.99
-133.76
-142.32
-151.37
-159.92
-168.29
-175.36
-0.75
-5.17
-12.13
-18.69
-24.74
-30.62
-37.04
-41.78
-46.19
-50.44
-57.39
-64.14
-72.24
-80.21
-88.41
-97.9
-106.55
-115.36
-121.49
-127.36
-133.27
-141.6
-150.45
-158.27
-167.78
-175.59
-2.12
-5.36
-8.59
-11.46
-14.35
-19.88
-27.52
-36.52
-43
-48.84
-54.1
-59.13
-64.57
-71.79
-78.8
-87.04
-96.38
-105.31
-114.5
-121.01
-126.75
-132.49
-140.82
-148.71
-157.09
-164.53
-174.14
-1.27
-6.13
-9.26
-12.74
-17.26
-21.61
-27.42
-32.39
-36.85
-39.98
-45.43
-51.14
-56.45
-63.55
-69.42
-76.38
-82.66
-88.81
-94.36
-101.47
-108.52
-117.39
-125.69
-132.04
-138.69
-145.28
-154.31
-162.73
-170.83
-178.56
-6.89
-11.07
-14.03
-17.14
-21.68
-26.79
-33.22
-41.5
-47.87
-54.06
-58.49
-65.39
-71.25
-77.64
-83.75
-88.64
-93.59
-97.03
-101.03
-105.22
-110.03
-115.15
-122.16
-128.6
-134.9
-139.15
-143.46
-148.43
-153.39
-159.66
-164.81
-171.01
-177.97
-7.37
-14.4
-19.26
-23.14
-26.64
-32.15
-38.35
-45.72
-52.77
-60.31
-67.1
-75.03
-80.23
-84.94
-89.95
-94.35
-100.19
-106.76
-115.88
-123.95
-133.9
-141.97
-148.83
-154.38
-159.52
-166.12
-173.48
-2.66
-11.25
-20.27
-25.84
-31.03
-34.22
-37.3
-40.75
-45.76
-51.27
-58.83
-65.91
-73.51
-80.78
-85.75
-89.84
-93.7
-99.46
-106.15
-114.96
-124.15
-134.68
-144.96
-151.96
-158.32
-164.16
-171.78
-178.39
-5.72
-13.4
-22.45
-28.63
-32.93
-35.54
-37.3
-40.11
-43.96
-48.77
-54.41
-61.04
-66.91
-72.53
-74.99
-76.87
-78.64
-81.83
-86.33
-90.32
-94.86
-98.91
-103.31
-107.33
-111.85
-115.43
-119.16
-121.91
-124.42
-127.93
-133.59
-141.92
-150.04
-157.76
-163.36
-169.35
-175.01
-1.3
-7
-14.65
-22.73
-31.77
-40.19
-46.56
-51.72
-54.85
-58.51
-62.25
-67.88
-74.27
-80.78
-86.33
-91.17
-95.07
-97.84
-99.66
-102.17
-105.09
-108.18
-112.43
-115.63
-120.24
-125.6
-131.8
-138.79
-143.94
-149.31
-153.62
-156.82
-160.34
-165.95
-172.96
-0.86
-8.06
-15.18
-23.49
-29.89
-35.51
-39.34
-44.53
-48.26
-50.67
-52.89
-54.43
-55.42
-59.12
-64
-70.78
-79.07
-86.9
-94.93
-100.37
-106.18
-111.74
-116.64
-121.58
-125.76
-129.87
-134.12
-141
-148.49
-157.75
-165.65
-170.57
-175.2
-179.93
-5.42
-11.07
-18.07
-26.03
-35.03
-42.38
-46.7
-49.65
-52.28
-54
-55.71
-59.16
-62.43
-65.98
-68.93
-74.83
-80.88
-86.97
-93.23
-98.8
-103.02
-109.17
-115.34
-119.73
-122.31
-124.06
-127.43
-130.62
-134.8
-138.86
-143.16
-149.43
-156.33
-162.69
-166.22
-169.31
-172.32
-175.94
-178.93
-3.42
-8.32
-14.64
-22.05
-32.5
-43.01
-51.99
-57.11
-60.75
-63.21
-64.81
-64.81
-64.81
-64.81
-64.81
-64.81
-64.81
-64.81
-64.81
-64.81
-64.81
-64.81
-64.81
-64.81
-64.81
-64.81
-64.81
-64.81
-64.81
-64.81
-64.81
-64.81
-64.81
-64.81
-64.81
-64.81
-64.81
-64.81
-64.81
-64.81
-64.81
-64.81
-64.81
-64.81
-64.81
-64.81
-64.81
-64.81
-64.81
-64.81
-64.81
-64.81
-64.81
-64.81
-64.81
-64.81
-64.81
-64.81
-64.81
-64.81
-64.81
-64.81
-64.81
-64.81
-64.81
-64.81
-64.81
-64.81
-64.81
-64.81
-64.81
-64.81
-64.81
-64.81
-64.81
-64.81
-64.81
-64.81
-64.81
-64.81
-64.81
-64.81
-64.81
-64.81
-64.81
-64.81
-64.81
-64.81
-64.81
-64.81
-64.81
-64.81
-64.81
-64.81
-64.81
-64.81
-64.81
-64.81
-64.81
-64.81
-64.81
-64.81
-64.81
-64.81
-64.81
-64.81
-64.81
-64.81
-64.81
-64.81
-64.81
-64.81
-64.81
-64.81
-64.81
-64.81
-64.81
-64.81
-64.81
-64.81
-64.81
-64.81
-64.81
-64.81
-64.81
-64.81
-64.81
-64.81
-64.81
-64.81
-64.81
-64.81
-64.81
-64.81
-64.81
-64.81
-64.81
-64.81
-64.81
-64.81
-64.81
-64.81
-64.81
-64.81
-64.81
-64.81
-64.81
-64.81
-64.81
-64.81
-64.81
-64.81
-64.81
-64.81
-64.81
-64.81
-64.81
-64.81
-64.81
-64.81
-64.81
-64.81
-64.81
-64.81
-64.81
-64.81
-64.81
-64.81
-64.81
-64.81
-64.81
-64.81
-64.81
-64.81
-64.81
-64.81
-64.81
-64.81
-64.81
-64.81
-64.81
-64.81
-64.81
-64.81
-64.81
-64.81
-64.81
-64.81
-64.81
-64.81
-64.81
-64.81
-64.81
-64.81
-64.81
-64.81
-64.81
-64.81
-64.81
-64.81
-64.81
-64.81
-64.81
-64.81
-64.81
-64.81
-64.81
-64.81
-64.81
-64.81
-64.81
-64.81
-64.81
-64.81
-64.81
-64.81
-64.81
-64.81
-64.81
-64.81
-64.81
-64.81
-64.81
-64.81
-64.81
-64.81
-64.81
-64.81
-64.81
-64.81
-64.81
-64.81
-64.81
-64.81
-64.81
-64.81
-64.81
-64.81
-64.81
-64.81
-64.81
-64.81
-64.81
-64.81
-64.81
-64.81
-64.81
-64.81
-64.81
-64.81
-64.81
-64.81
-64.81
-64.81
-64.81
-64.81
-64.81
-64.81
-64.81
-64.81
-64.81
-64.81
-64.81
-64.81
-64.81
-64.81
-64.81
-64.81
-64.81
-64.81
-64.81
-64.81
-64.81
-64.81
-64.81
-64.81
-64.81
-64.81
-64.81
-64.81
-64.81
-64.81
-64.81
-64.81
-64.81
-64.81
-64.81
-64.81
-64.81
-64.81
-64.81
-64.81
-64.81
-64.81
-64.81
-64.81
-64.81
-64.81
-64.81
-64.81
-64.81
-64.81
-64.81
-64.81
-64.81
-64.81
-64.81
-64.81
-64.81
-64.81
-64.81
-64.81
-64.81
-64.81
-64.81
-64.81
-64.81
-64.81
-64.81
-64.81
-64.81
-64.81
-64.81
-64.81
-64.81
-64.81
-64.81
-64.81
-64.81
-64.81
-64.81
-64.81
-64.81
-64.81
-64.81
-64.81
-64.81
-64.81
-64.81
-64.81
-64.81
-64.81
-64.81
-64.81
-64.81
-64.81
-64.81
-64.81
-64.81
-64.81
-64.81
-64.81
-64.81
-64.81
-64.81
-64.81
-64.81
-64.81
-64.81
-64.81
-64.81
-64.81
-64.81
-64.81
-64.81
-64.81
-64.81
-64.81
-64.81
-64.81
-64.81
-64.81
-64.81
-64.81
-64.81
-64.81
-64.81
-64.81
-64.81
-64.81
-64.81
-64.81
-64.81
-64.81
-64.81
-64.81
-64.81
-64.81
-64.81
-64.81
-64.81
-64.81
-64.81
-64.81
-64.81
-64.81
-64.81
-64.81
-64.81
-64.81
-64.81
-64.81
-64.81
-64.81
-64.81
-64.81
-64.81
-64.81
-64.81
-64.81
-64.81
-64.81
-64.81
-64.81
-64.81
-64.81
-64.81
-64.81
-64.81
-64.81
-64.81
-64.81
-64.81
-64.81
-64.81
-64.81
-64.81
-64.81
-64.81
-64.81
-64.81
-64.81
-64.81
-64.81
-64.81
-64.81
-64.81
-64.81
-64.81
-64.81
-64.81
-64.81
-64.81
-64.81
-64.81
-64.81
-64.81
-64.81
-64.81
-64.81
-64.81
-64.81
-64.81
-64.81
-64.81
-64.81
-64.81
-64.81
-64.81
-64.81
-64.81
-64.81
-64.81
-64.81
-64.81
-64.81
-64.81
-64.81
-64.81
-64.81
-64.81
-64.81
-64.81
-64.81
-64.81
-64.81
-64.81
-64.81
-64.81
-64.81
-64.81
-64.81
-64.81
-64.81
-64.81
-64.81
-64.81
-64.81
-64.81
-64.81
-64.81
-64.81
-64.81
-64.81
-64.81
-64.81
-64.81
-64.81
-64.81
-64.81
-64.81
-64.81
-64.81
-64.81
-64.81
-64.81
-64.81
-64.81
-64.81
-64.81
-64.81
-68.36
-76.46
-83.1
-92.15
-103.65
-115.04
-126.64
-136.38
-146.73
-154.97
-161.78
-166.44
-170.34
-177.66
-7.78
-19.82
-29.73
-39.4
-47
-56.33
-63.68
-71.64
-79.52
-88.16
-96.9
-107.03
-118.88
-129.47
-141.45
-151.63
-160.25
-165.08
-167.75
-169.49
-171.33
-174.59
-1.92
-11.74
-21.56
-33.57
-42.33
-49.01
-53.9
-58.69
-63.84
-70.13
-76.64
-81.31
-85.16
-90.35
-97.75
-106.36
-117.99
-129.6
-142.48
-153.72
-164.73
-172.06
-176.78
-0.05
-4.88
-10.94
-18.45
-27.16
-35.78
-44.44
-51.52
-58.09
-62.19
-66.04
-68.26
-71.03
-76.72
-83.81
-88.8
-94
-101.12
-109
-120.23
-130.66
-139.96
-149.26
-160.8
-168.81
-171.24
-172.04
-173.37
-177.41
-2.75
-9.18
-15.06
-21.28
-27.18
-34.13
-41.94
-49.72
-57.59
-63.71
-70.22
-76.43
-83.02
-87.19
-91.23
-95.67
-101.61
-109.34
-116.85
-125.76
-135.14
-145.02
-153.1
-162.52
-169.46
-174.38
-178.79
-3.5
-8.49
-13.68
-18.68
-22.61
-28.61
-35.01
-45
-54.02
-62.12
-69.27
-74.36
-78.61
-83.01
-88.54
-93.85
-99.8
-105.8
-112.23
-120.29
-130.65
-140.77
-149.63
-158.59
-168.37
-179.33
-7.03
-11.64
-16.65
-22.4
-28
-33.02
-38.64
-46.83
-56.92
-65.87
-75.59
-82.41
-87.35
-91.57
-94.84
-98.51
-103.63
-108.67
-113.59
-122.1
-131.46
-143.67
-152.63
-162.5
-171.56
-1.07
-7.91
-10.8
-13.13
-15.18
-18.53
-23.28
-30.79
-37.41
-44.7
-53.85
-62.19
-71.01
-78.9
-85.76
-89.46
-93.92
-97.96
-102.81
-108.15
-113.9
-117.67
-119.53
-123.75
-130.31
-139.97
-150.78
-162.24
-172.35
-3.03
-10.4
-13.91
-13.98
-14.91
-19.12
-24.8
-32.14
-40.2
-47.36
-55.53
-65.06
-72.5
-79.96
-85.76
-89.9
-93.85
-99.41
-104.8
-110.26
-117.01
-122.31
-126.8
-131.12
-137.79
-144.82
-154.65
-163.48
-173.25
-3.5
-12.89
-19.53
-20.91
-21.77
-23.94
-29.13
-34.55
-40.94
-48.22
-55.22
-63.73
-70.42
-77.32
-84.53
-93.47
-100.1
-107.49
-113.6
-120.16
-125.62
-130.18
-137.47
-146.38
-158.16
-167.83
-178.1
-7.37
-16.17
-21.17
-22.64
-24.42
-27.77
-34.06
-40.81
-49.19
-56.12
-62.65
-67.29
-74.24
-80.15
-87.09
-93.77
-100.62
-106.95
-111.49
-115.07
-115.92
-116.06
-117.35
-121.59
-129.05
-136.07
-143.5
-150.52
-159.31
-168.03
-178.14
-6.9
-16.93
-25.09
-33.13
-39.43
-46.36
-52.01
-56.48
-59.94
-64.94
-71.5
-79.38
-89.35
-97.29
-105.46
-111.06
-115.7
-119.86
-125.33
-132.78
-141.33
-150.43
-157.81
-166.72
-174.58
-2.94
-10.77
-20.43
-28.54
-36.33
-42.57
-48.17
-54.9
-60.67
-65.74
-70.27
-74.97
-78.53
-83.63
-91.05
-98.9
-107.15
-114.49
-121.4
-125.16
-126.83
-128.62
-131.89
-138.04
-146.55
-154.26
-163.31
-173
-1.55
-9.53
-18.9
-28.58
-35.8
-41.3
-47.02
-55.25
-62.03
-67.64
-72.42
-78.07
-83.54
-91.4
-100.28
-107.33
-114.12
-120.74
-124.41
-126.36
-128.57
-132.31
-138.83
-145.97
-152.99
-157.82
-161.54
-163.6
-166.48
-173.22
-3.23
-15.19
-26.61
-38.76
-49.36
-58.5
-62.5
-65.79
-68.43
-72.56
-76.65
-81.48
-86.57
-91.7
-96.76
-101.79
-106.68
-111.85
-118.3
-123.96
-131.13
-136.35
-141.17
-144.25
-149.57
-156.22
-163.92
-169.66
-173.53
-178.76
-6.45
-16.9
-26.2
-36.02
-44.49
-52.24
-56.17
-59.68
-63.35
-68.86
-76.1
-83.81
-93.46
-101.45
-109.08
-114.95
-122.16
-129.22
-136.4
-144.17
-151.4
-160.08
-167.63
-173.31
-175.86
-177.4
-0.52
-5.68
-14.03
-23.75
-33.38
-41.29
-49.87
-56.5
-62.73
-65.94
-68.95
-73.49
-81.17
-89.34
-95.45
-102.63
-107.91
-111.92
-115.69
-120.91
-126.56
-134.05
-141.56
-150.42
-158.87
-165.14
-171.4
-176.11
-0.85
-4.01
-9.61
-15.73
-23.74
-33.4
-42.04
-50.55
-57.55
-63.47
-67.12
-71.7
-76.79
-83.93
-90.26
-97.73
-104.23
-110.18
-115.14
-118.42
-122.91
-129.5
-136.79
-143.66
-151.15
-157.2
-163.41
-168.48
-173.94
-176.4
-178.62
-3.57
-9.89
-18.15
-18.15
-18.15
-18.15
-18.15
-18.15
-18.15
-18.15
-18.15
-18.15
-18.15
-18.15
-18.15
-18.15
-18.15
-18.15
-18.15
-18.15
-18.15
-18.15
-18.15
-18.15
-18.15
-18.15
-18.15
-18.15
-18.15
-18.15
-18.15
-18.15
-18.15
-18.15
-18.15
-18.15
-18.15
-18.15
-18.15
-18.15
-18.15
-18.15
-18.15
-18.15
-18.15
-18.15
-18.15
-18.15
-18.15
-18.15
-18.15
-18.15
-18.15
-18.15
-18.15
-18.15
-18.15
-18.15
-18.15
-18.15
-18.15
-18.15
-18.15
-18.15
-18.15
-18.15
-18.15
-18.15
-18.15
-18.15
-18.15
-18.15
-18.15
-18.15
-18.15
-18.15
-18.15
-18.15
-18.15
-18.15
-18.15
-18.15
-18.15
-18.15
-18.15
-18.15
-18.15
-18.15
-18.15
-18.15
-18.15
-18.15
-18.15
-18.15
-18.15
-18.15
-18.15
-18.15
-18.15
-18.15
-18.15
-18.15
-18.15
-18.15
-18.15
-18.15
-18.15
-18.15
-18.15
-18.15
-18.15
-18.15
-18.15
-18.15
-18.15
-18.15
-18.15
-18.15
-18.15
-18.15
-18.15
-18.15
-18.15
-18.15
-18.15
-18.15
-18.15
-18.15
-18.15
-18.15
-18.15
-18.15
-18.15
-18.15
-18.15
-18.15
-18.15
-18.15
-18.15
-18.15
-18.15
-18.15
-18.15
-18.15
-18.15
-18.15
-18.15
-18.15
-18.15
-18.15
-18.15
-18.15
-18.15
-18.15
-18.15
-18.15
-18.15
-18.15
-18.15
-18.15
-18.15
-18.15
-18.15
-18.15
-18.15
-18.15
-18.15
-18.15
-18.15
-18.15
-18.15
-18.15
-18.15
-18.15
-18.15
-18.15
-18.15
-18.15
-18.15
-18.15
-18.15
-18.15
-18.15
-18.15
-18.15
-18.15
-18.15
-18.15
-18.15
-18.15
-18.15
-18.15
-18.15
-18.15
-18.15
-18.15
-18.15
-18.15
-18.15
-18.15
-18.15
-18.15
-18.15
-18.15
-18.15
-18.15
-18.15
-18.15
-18.15
-18.15
-18.15
-18.15
-18.15
-18.15
-18.15
-18.15
-18.15
-18.15
-18.15
-18.15
-18.15
-18.15
-18.15
-18.15
-18.15
-18.15
-18.15
-18.15
-18.15
-18.15
-18.15
-18.15
-18.15
-18.15
-18.15
-18.15
-18.15
-18.15
-18.15
-18.15
-18.15
-18.15
-18.15
-18.15
-18.15
-18.15
-18.15
-18.15
-18.15
-18.15
-18.15
-18.15
-18.15
-18.15
-18.15
-18.15
-18.15
-18.15
-18.15
-18.15
-18.15
-18.15
-18.15
-18.15
-18.15
-18.15
-18.15
-18.15
-18.15
-18.15
-18.15
-18.15
-18.15
-18.15
-18.15
-18.15
-18.15
-18.15
-18.15
-18.15
-18.15
-18.15
-18.15
-18.15
-18.15
-18.15
-18.15
-18.15
-18.15
-18.15
-18.15
-18.15
-18.15
-18.15
-18.15
-18.15
-18.15
-18.15
-18.15
-18.15
-18.15
-18.15
-18.15
-18.15
-18.15
-18.15
-18.15
-18.15
-18.15
-18.15
-18.15
-18.15
-18.15
-18.15
-18.15
-18.15
-18.15
-18.15
-18.15
-18.15
-18.15
-18.15
-18.15
-18.15
-18.15
-18.15
-18.15
-18.15
-18.15
-18.15
-18.15
-18.15
-18.15
-18.15
-18.15
-18.15
-18.15
-18.15
-18.15
-18.15
-18.15
-18.15
-18.15
-18.15
-18.15
-18.15
-18.15
-18.15
-18.15
-18.15
-18.15
-18.15
-18.15
-18.15
-18.15
-18.15
-18.15
-18.15
-18.15
-18.15
-18.15
-18.15
-18.15
-18.15
-18.15
-18.15
-18.15
-18.15
-18.15
-18.15
-18.15
-18.15
-18.15
-18.15
-18.15
-18.15
-18.15
-18.15
-18.15
-18.15
-18.15
-18.15
-18.15
-18.15
-18.15
-18.15
-18.15
-18.15
-18.15
-18.15
-18.15
-18.15
-18.15
-18.15
-18.15
-18.15
-18.15
-18.15
-18.15
-18.15
-18.15
-18.15
-18.15
-18.15
-18.15
-18.15
-18.15
-18.15
-18.15
-18.15
-18.15
-18.15
-18.15
-18.15
-18.15
-18.15
-18.15
-18.15
-18.15
-18.15
-18.15
-18.15
-18.15
-18.15
-18.15
-18.15
-18.15
-18.15
-18.15
-18.15
-18.15
-18.15
-18.15
-18.15
-18.15
-18.15
-18.15
-18.15
-18.15
-18.15
-18.15
-18.15
-18.15
-18.15
-18.15
-18.15
-18.15
-18.15
-18.15
-18.15
-18.15
-18.15
-18.15
-18.15
-18.15
-18.15
-18.15
-18.15
-18.15
-18.15
-18.15
-18.15
-18.15
-18.15
-18.15
-18.15
-18.15
-18.15
-18.15
-18.15
-18.15
-18.15
-18.15
-18.15
-18.15
-18.15
-18.15
-18.15
-18.15
-18.15
-18.15
-18.15
-18.15
-18.15
-18.15
-18.15
-18.15
-18.15
-18.15
-18.15
-18.15
-18.15
-18.15
-18.15
-18.15
-18.15
-18.15
-18.15
-18.15
-18.15
-18.15
-18.15
-18.15
-18.15
-21.22
-25.03
-27.91
-29.8
-30.75
-32.79
-35.33
-39.72
-45.63
-52.35
-60.08
-68.09
-79.45
-89.2
-98.53
-105.4
-112.59
-120.05
-127.17
-131.75
-137.08
-142.54
-146.4
-151.58
-159.39
-169.8
-177.45
-3.75
-9
-15.98
-23.42
-31.36
-39.6
-46.97
-55.35
-62.4
-70.56
-77.17
-85.59
-92.57
-99.74
-106.58
-113.45
-119.41
-124.57
-131.19
-137.12
-145.51
-153.89
-162.54
-171.21
-178.32
-3.54
-8.87
-14.22
-20.72
-29.97
-39.81
-50.07
-58.65
-68.18
-74.18
-77.88
-81.73
-86.32
-91.75
-99.34
-106.45
-111.19
-115.21
-118.29
-121.63
-126.87
-132.88
-138.2
-142.57
-147.66
-152.98
-161
-169.92
-178.95
-4.12
-8.84
-14.2
-21.43
-28.61
-37.52
-46
-54.81
-61.79
-69.16
-75.52
-81.9
-89.44
-96.33
-102.62
-107.69
-112.92
-116.88
-120.73
-125.6
-129.63
-135.36
-140.88
-148
-153.13
-157.19
-160.99
-166.12
-171.78
-178.49
-3.78
-8.3
-12.84
-17.96
-24.15
-29.84
-36.26
-42.23
-47.79
-52.08
-57.45
-65.14
-73.65
-81.56
-87.69
-94.64
-100.79
-105.69
-108.6
-111.59
-115.5
-120.45
-127.11
-132.69
-138.33
-142.52
-146.8
-151.33
-156.75
-161.76
-169.39
-175.79
-3.58
-9.99
-16.82
-22.94
-26.98
-31.27
-35.66
-40.04
-44.32
-50.64
-56.88
-62.87
-69.46
-73.88
-75.9
-76.76
-79.33
-84.36
-91.82
-98.5
-105.48
-110.72
-114.66
-117.03
-120.16
-123.87
-127.07
-129.94
-132.28
-133.87
-135.63
-139.42
-143.71
-150.78
-157.48
-163.84
-169.04
-172.83
-178.3
-4.44
-12.37
-19.03
-25.57
-30.44
-34.24
-37.26
-40.05
-43.04
-48.16
-54.16
-60.04
-65.49
-70.51
-76.45
-80.62
-84.69
-88.6
-93.93
-102.09
-108.95
-115.69
-120.44
-124.87
-129.45
-133.45
-134.66
-135.14
-136.11
-138.12
-142.02
-145.61
-149.04
-152.22
-156.89
-162.69
-169.41
-173.57
-177.59
-4.21
-11.87
-21.13
-29.24
-36.21
-40.37
-42.44
-43.74
-47.28
-51.92
-58.01
-65.47
-71.21
-76.69
-82.92
-90.03
-95.85
-100.07
-104.6
-110.73
-116.97
-123.16
-128.43
-133.8
-139.27
-143.78
-147.72
-150.12
-151.36
-153.54
-158.49
-163.69
-169.85
-175.27
-0.4
-3.17
-5.96
-8.78
-12.37
-18.19
-24.29
-31.16
-35.93
-40.21
-43.38
-47.8
-51.63
-57.5
-62.82
-68.85
-73.89
-78.95
-83.67
-90.79
-100.86
-109.35
-114.94
-120.94
-126.93
-130.64
-135.08
-140.22
-146.95
-152.28
-157.96
-162.27
-165.43
-167.99
-172.1
-178.91
-6.83
-15.96
-23.52
-31.46
-38.72
-43.96
-48.54
-52.22
-55.21
-57.24
-59.22
-61.89
-66.86
-72.19
-78.57
-82.72
-83.68
-83.98
-86.11
-89.23
-94.62
-101.98
-109.76
-119
-128.12
-138.03
-143.8
-148.47
-150.82
-154.32
-158.97
-163.7
-169.83
-175.97
-2.21
-6.29
-9.08
-10.91
-12.68
-16
-21.21
-27.13
-33.39
-40.6
-46.43
-52.75
-56.16
-59.56
-63.03
-68.24
-73.77
-80.64
-87.57
-95.59
-102.8
-110.26
-117.94
-122.75
-129.32
-136.94
-145.44
-152.35
-159.79
-164.72
-170.04
-174.8
-179.52
-3.98
-7.91
-12.68
-18.41
-26.69
-33.59
-42.18
-48.56
-54.19
-58.47
-63.2
-68.51
-75.78
-84.07
-91.62
-100.32
-108.04
-117.09
-124.01
-130.25
-135.41
-141.5
-146.97
-152.65
-157.1
-161.35
-164.16
-167.69
-171.98
-175.04
-176.56
-177.91
-1.57
-6.46
-13.34
-19.45
-25.43
-31.51
-36.79
-40.95
-44.63
-49.21
-53.44
-60.04
-66.99
-75.15
-82.81
-89.12
-96.33
-102.48
-108.97
-113.56
-119.28
-125.36
-133.43
-140.36
-148.55
-156.16
-161.86
-167.08
-171.1
-175.44
-0.17
-6.32
-11.71
-18.09
-23.17
-29.78
-36.36
-41.34
-46.71
-51.16
-56.68
-62.01
-66.54
-70.39
-75.4
-80.57
-87.19
-94.01
-100.63
-107.73
-113.69
-120.3
-126.81
-135.44
-142.5
-149.87
-155.18
-161.22
-165.38
-168.38
-171.11
-175.56
-0.85
-7.43
-13.91
-19.29
-24.78
-27.79
-31.24
-35.18
-40.9
-47.3
-54.34
-59.96
-65.36
-70.6
-75.02
-79.34
-83.27
-87.09
-92.08
-98.21
-104.44
-112.19
-118.52
-125.55
-132.18
-139.5
-145.48
-149.44
-155.18
-160.48
-166.92
-172.57
-178.22
-3.04
-8.37
-13.05
-17.36
-20.96
-25.61
-31.41
-37.3
-44.31
-50.41
-57.16
-63.56
-70.02
0.01
-1.12
-3.56
-6.7
-8.59
-9.52
-11.76
-15.35
-21.08
-28.83
-40.08
-50.28
-62.27
-73.77
-87.51
-101.98
-112.32
-120.39
-126.15
-132.57
-138.11
-146.39
-156.72
-167.17
-179.93
-11.21
-23.57
-33.2
-42.44
-50.54
-60.14
-68.91
-77.28
-86.1
-93.39
-101.04
-107.5
-115.13
-122.36
-129.67
-136.2
-141.6
-147.49
-154.74
-161.24
-167.41
-176.2
-4.92
-14.07
-21.03
-28.7
-35.96
-42.93
-48.97
-54.72
-62.05
-69.16
-77.67
-85.15
-94.45
-102.56
-109.47
-115.19
-121.3
-127.66
-132.85
-138.28
-143.63
-149.61
-155.11
-161.22
-167.25
-174.55
-1.92
-10.95
-17.86
-24.03
-29.26
-33.6
-37.2
-40.38
-44.46
-48.7
-55.97
-63.43
-72.14
-79.87
-85.8
-90.96
-95.81
-100.98
-105.99
-112.45
-118.46
-125.42
-130.41
-133.61
-137.12
-140.56
-144.17
-147.46
-151.89
-156.29
-162.01
-168.84
-174.45
-0.85
-6.93
-12.77
-16.87
-21.01
-25.69
-31.9
-40.39
-47.68
-54.47
-59.13
-64.35
-68.74
-72.89
-76.89
-80.65
-86.13
-92.93
-100.38
-107.06
-114.57
-120.75
-125.13
-127.78
-131.27
-135.65
-141.11
-145.54
-147.87
-148.29
-148.31
-148.41
-148.71
-149.3
-149.74
-150.61
-152.56
-156.95
-163.38
-170.26
-177.65
-1.91
-5.02
-10.15
-16.78
-23.77
-32.63
-41.52
-50.27
-57.03
-61.9
-66.17
-69.71
-75.03
-79.97
-87.33
-95.23
-102.8
-110.63
-116.88
-122.71
-126.46
-131.1
-135.23
-141.08
-147.09
-152.92
-156.49
-161.24
-167.14
-172.8
-0.17
-7.62
-16.46
-24.2
-31.62
-37.39
-44.21
-50.77
-55.64
-60.03
-63.36
-67.02
-72.09
-80.17
-87.94
-97.6
-105.25
-112.06
-117.37
-123.38
-128.38
-131.86
-135.85
-138.84
-142.83
-146.37
-151.88
-157.67
-162.26
-167.06
-172.38
-179.94
-7.4
-16.39
-23.84
-31.7
-38.63
-45.98
-52.4
-56.51
-60.16
-62.83
-67.31
-72.75
-79.17
-86.27
-93.28
-101.68
-110.91
-117.49
-122.97
-129.85
-136.57
-144.35
-150.18
-156.38
-162.23
-167.54
-169.99
-171.08
-172.07
-174.35
-1.37
-10.3
-21.37
-31.37
-41.25
-48.63
-56.9
-62.83
-69.34
-76.01
-81.08
-85.74
-91.87
-100.99
-110.03
-118.26
-123.92
-129.77
-136.65
-143.56
-149.2
-153.23
-158.42
-163.18
-168.07
-171.98
-173.7
-175.68
-179.61
-7.05
-14.96
-23.31
-31.4
-40.15
-48.26
-55.19
-63.3
-68.56
-74.32
-80.02
-87.38
-94.98
-103.2
-107.97
-115.07
-121.85
-129.34
-136.59
-144.89
-154.01
-161.08
-168.18
-173.91
-179.46
-2.97
-6.44
-10.72
-19.55
-29.28
-40.22
-51.37
-61.72
-71.28
-76.77
-80.14
-83.22
-87.38
-92.83
-100.84
-108.9
-118.35
-127.61
-134.2
-138.79
-141.97
-145.44
-150.36
-156.57
-161.43
-167.65
-173.3
-179.21
-3.59
-8.67
-12.01
-14.97
-20.51
-27.19
-35.97
-44.02
-51.32
-56.79
-61.03
-65.35
-70.18
-75.44
-81.38
-88.01
-93.4
-98.8
-104.19
-112.35
-121.26
-128.61
-135.59
-140.23
-147.12
-153.46
-159.71
-164.01
-168.16
-172.03
-176.54
-2.11
-7.76
-14.28
-20.56
-27.27
-34.78
-41.07
-48.04
-54.05
-60.25
-65.7
-71.87
-76.76
-83.09
-88.96
-94.71
-100.04
-104.72
-111.27
-117.82
-125.98
-135.01
-143.64
-149.85
-157.8
-164.64
-171.63
-177.8
-1.56
-5.06
-9.13
-14.56
-19.18
-25.48
-30.14
-35.54
-42.19
-48.26
-55.05
-61.97
-68.84
-73.45
-80.1
-86.74
-95.81
-102.84
-110.1
-116.31
-123.33
-132.21
-139.68
-145.84
-151.47
-159.9
-167.74
-174.59
-178.84
-1.95
-4.52
-7.88
-12.17
-17.94
-23.62
-29.59
-36.31
-43.24
-51.41
-57.87
-64.18
-71.62
-77.42
-83.78
-89.38
-95.65
-101.55
-109.33
-115.58
-123.33
-131.37
-137.25
-140.71
-144.13
-147.18
-150.94
-157.7
-166.96
-179.14
-9.59
-19.99
-27.67
-33.26
-37.06
-41.12
-44.7
-48.66
-54.06
-60.11
-67.63
-75.36
-83.79
-90.33
-96.9
-103.41
-111.77
-120.33
-127.93
-135.24
-141.59
-150.29
-159.08
-167.82
-174.62
-1.31
-6.71
-13.71
-20.98
-26.74
-32.36
-38.44
-45.48
-50.12
-52.12
-53.06
-55.52
-60.15
-68.03
-76.59
-86.42
-95.79
-102.98
-109.76
-114.94
-118.6
-121.52
-126.96
-133.72
-142.76
-152.49
-161.18
-171.32
-179.57
-5.94
-11.29
-18.13
-22.87
-28.79
-34.62
-41.84
-41.84
-41.84
-41.84
-41.84
-41.84
-41.84
-41.84
-41.84
-41.84
-41.84
-41.84
-41.84
-41.84
-41.84
-41.84
-41.84
-41.84
-41.84
-41.84
-41.84
-41.84
-41.84
-41.84
-41.84
-41.84
-41.84
-41.84
-41.84
-41.84
-41.84
-41.84
-41.84
-41.84
-41.84
-41.84
-41.84
-41.84
-41.84
-41.84
-41.84
-41.84
-41.84
-41.84
-41.84
-41.84
-41.84
-41.84
-41.84
-41.84
-41.84
-41.84
-41.84
-41.84
-41.84
-41.84
-41.84
-41.84
-41.84
-41.84
-41.84
-41.84
-41.84
-41.84
-41.84
-41.84
-41.84
-41.84
-41.84
-41.84
-41.84
-41.84
-41.84
-41.84
-41.84
-41.84
-41.84
-41.84
-41.84
-41.84
-41.84
-41.84
-41.84
-41.84
-41.84
-41.84
-41.84
-41.84
-41.84
-41.84
-41.84
-41.84
-41.84
-41.84
-41.84
-41.84
-41.84
-41.84
-41.84
-41.84
-41.84
-41.84
-41.84
-41.84
-41.84
-41.84
-41.84
-41.84
-41.84
-41.84
-41.84
-41.84
-41.84
-41.84
-41.84
-41.84
-41.84
-41.84
-41.84
-41.84
-41.84
-41.84
-41.84
-41.84
-41.84
-41.84
-41.84
-41.84
-41.84
-41.84
-41.84
-41.84
-41.84
-41.84
-41.84
-41.84
-41.84
-41.84
-41.84
-41.84
-41.84
-41.84
-41.84
-41.84
-41.84
-41.84
-41.84
-41.84
-41.84
-41.84
-41.84
-41.84
-41.84
-41.84
-41.84
-41.84
-41.84
-41.84
-41.84
-41.84
-41.84
-41.84
-41.84
-41.84
-41.84
-41.84
-41.84
-41.84
-41.84
-41.84
-41.84
-41.84
-41.84
-41.84
-41.84
-41.84
-41.84
-41.84
-41.84
-41.84
-41.84
-41.84
-41.84
-41.84
-41.84
-41.84
-41.84
-41.84
-41.84
-41.84
-41.84
-41.84
-41.84
-41.84
-41.84
-41.84
-41.84
-41.84
-41.84
-41.84
-41.84
-41.84
-41.84
-41.84
-41.84
-41.84
-41.84
-41.84
-41.84
-41.84
-41.84
-41.84
-41.84
-41.84
-41.84
-41.84
-41.84
-41.84
-41.84
-41.84
-41.84
-41.84
-41.84
-41.84
-41.84
-41.84
-41.84
-41.84
-41.84
-41.84
-41.84
-41.84
-41.84
-41.84
-41.84
-41.84
-41.84
-41.84
-41.84
-41.84
-41.84
-41.84
-41.84
-41.84
-41.84
-41.84
-41.84
-41.84
-41.84
-41.84
-41.84
-41.84
-41.84
-41.84
-41.84
-41.84
-41.84
-41.84
-41.84
-41.84
-41.84
-41.84
-41.84
-41.84
-41.84
-41.84
-41.84
-41.84
-41.84
-41.84
-41.84
-41.84
-41.84
-41.84
-41.84
-41.84
-41.84
-41.84
-41.84
-41.84
-41.84
-41.84
-41.84
-41.84
-41.84
-41.84
-41.84
-41.84
-41.84
-41.84
-41.84
-41.84
-41.84
-41.84
-41.84
-41.84
-41.84
-41.84
-41.84
-41.84
-41.84
-41.84
-41.84
-41.84
-41.84
-41.84
-41.84
-41.84
-41.84
-41.84
-41.84
-41.84
-41.84
-41.84
-41.84
-41.84
-41.84
-41.84
-41.84
-41.84
-41.84
-41.84
-41.84
-41.84
-41.84
-41.84
-41.84
-41.84
-41.84
-41.84
-41.84
-41.84
-41.84
-41.84
-41.84
-41.84
-41.84
-41.84
-41.84
-41.84
-41.84
-41.84
-41.84
-41.84
-41.84
-41.84
-41.84
-41.84
-41.84
-41.84
-41.84
-41.84
-41.84
-41.84
-41.84
-41.84
-41.84
-41.84
-41.84
-41.84
-41.84
-41.84
-41.84
-41.84
-41.84
-41.84
-41.84
-41.84
-41.84
-41.84
-41.84
-41.84
-41.84
-41.84
-41.84
-41.84
-41.84
-41.84
-41.84
-41.84
-41.84
-41.84
-41.84
-41.84
-41.84
-41.84
-41.84
-41.84
-41.84
-41.84
-41.84
-41.84
-41.84
-41.84
-41.84
-41.84
-41.84
-41.84
-41.84
-41.84
-41.84
-41.84
-41.84
-41.84
-41.84
-41.84
-41.84
-41.84
-41.84
-41.84
-41.84
-41.84
-41.84
-41.84
-41.84
-41.84
-41.84
-41.84
-41.84
-41.84
-41.84
-41.84
-41.84
-41.84
-41.84
-41.84
-41.84
-41.84
-41.84
-41.84
-41.84
-41.84
-41.84
-41.84
-41.84
-41.84
-41.84
-41.84
-41.84
-41.84
-41.84
-41.84
-41.84
-41.84
-41.84
-41.84
-41.84
-41.84
-41.84
-41.84
-41.84
-41.84
-41.84
-41.84
-41.84
-41.84
-41.84
-41.84
-41.84
-41.84
-41.84
-41.84
-41.84
-41.84
-41.84
-41.84
-41.84
-41.84
-41.84
-41.84
-41.84
-41.84
-41.84
-41.84
-41.84
-41.84
-41.84
-41.84
-41.84
-41.84
-41.84
-41.84
-41.84
-41.84
-41.84
-41.84
-41.84
-41.84
-41.84
-41.84
-41.84
-41.84
-41.84
-41.84
-41.84
-41.84
-41.84
-41.84
-41.84
-41.84
-41.84
-57.26
-59.7
-63.41
-66.41
-70.33
-75.92
-84.98
-92.88
-101.22
-108.7
-118.54
-126.99
-137.41
-146.26
-155.92
-164.94
-171.39
-178.91
-7.31
-17.4
-26.46
-34.73
-40.94
-47.81
-53.78
-60.76
-67.64
-74.69
-81.08
-87
-94.23
-100.8
-109.06
-116.21
-126.18
-135
-144.54
-153.18
-160.09
-167.94
-175.99
-4.96
-12.63
-21.47
-29.8
-39.36
-49.06
-59.54
-67.52
-74.47
-80.5
-85.98
-93.65
-101.72
-111.21
-121.18
-132.74
-143.78
-151.97
-159.45
-165.27
-172.28
-179.17
-8.56
-17.04
-26.64
-35.22
-44.03
-51.31
-59.49
-68.56
-76.69
-83.85
-89.16
-95.56
-101.76
-107.41
-113.46
-120.81
-129.71
-138.36
-147.77
-155.47
-164.22
-171.58
-178.55
-3.66
-10.33
-16.47
-23.62
-30.53
-36.7
-43.01
-50.28
-58.02
-64
-69.17
-75.45
-83.18
-90.72
-97.41
-103.46
-112.57
-123.91
-134.11
-143.48
-151.19
-159.77
-166.45
-172.88
-179.3
-6.14
-10.9
-15.15
-19.34
-23.02
-25.74
-28.99
-35.06
-43.46
-53.84
-64.47
-74.7
-84.23
-94.35
-100.28
-104.17
-108.1
-114.25
-121.08
-130.32
-140.98
-150.15
-158.99
-166.51
-173.35
-179.23
-5.37
-12.22
-17.7
-24.1
-30.11
-36.15
-41.78
-47.7
-52.85
-61.27
-70
-80.21
-88.75
-97.71
-103.97
-108.02
-110.22
-113.51
-120.21
-128.7
-137.96
-147.19
-159.53
-169.14
-178.61
-6.36
-14.15
-20.47
-26.57
-32.48
-38.25
-41.84
-47.13
-53.18
-56.6
-60.75
-64.92
-72.27
-83.59
-94.55
-105.18
-112.77
-119.93
-124.25
-126.61
-127.82
-129.91
-134.89
-142.93
-153.78
-163.69
-174.36
-2.19
-9.89
-14.33
-20.26
-27.23
-33.52
-38.79
-43.54
-45.95
-48.73
-53.72
-59.46
-67.26
-76.97
-89.17
-102
-117.59
-129.65
-140.27
-146.82
-151.87
-157.02
-165.71
-176.21
-5.09
-12.97
-18.21
-24.7
-32.45
-41.87
-47.78
-50.46
-51.53
-53.38
-59.75
-67.72
-80.6
-95.84
-113.2
-126.52
-136.13
-142.7
-149.79
-155.66
-165.58
-178.32
-12.2
-23.51
-32.42
-39.91
-44.71
-47.83
-53.06
-57.7
-58.82
-62.67
-68.88
-77.4
-84.9
-93.6
-101.83
-112.26
-122.29
-134.97
-147.29
-158.13
-169.18
-177.02
-5.63
-12.96
-19.39
-26.16
-34.69
-41.37
-47.24
-53.91
-61.19
-68.73
-74.57
-81.62
-89.24
-95.04
-101.35
-107.51
-115.29
-121.54
-128.39
-133.13
-136.93
-141.11
-144.57
-149.41
-156.47
-164.29
-170.91
-178.21
-6.3
-13.69
-19.2
-28.19
-36.14
-46.36
-58.05
-66.83
-75.74
-85.1
-95.68
-104.64
-110.55
-114.08
-119.83
-125.25
-130.67
-134.67
-140.5
-148.39
-156.39
-164.1
-169.66
-174.14
-178.58
-4.84
-11.63
-21.03
-30.67
-41.07
-51.33
-60.38
-69.38
-76.01
-86.32
-98.3
-114.43
-129.77
-139.73
-145.99
-150.6
-151.63
-155.8
-164.84
-173.68
-1.98
-8.55
-16.82
-24.71
-32.61
-38.89
-45.13
-51.08
-57.69
-66.18
-73.37
-80.39
-88.17
-97.44
-107.63
-115.59
-120.83
-124.22
-128.41
-133.59
-138.09
-141.99
-148.1
-153.93
-158.52
-160.37
-162.11
-163.71
-166.35
-169.74
-174
-179.84
-7.21
-17.86
-28.27
-37.18
-44.99
-52.21
-60.49
-67.35
-74.01
-79.08
-84.93
-88.77
-91.09
-92.37
-93.4
-94.77
-96.57
-100.16
-105.15
-113.46
-122.33
-132.29
-140.21
-146.86
-150.59
-153.46
-156.63
-160.19
-164.9
-171.13
-176.08
-1.5
-9.76
-17.51
-25.67
-32.33
-40.41
-48
-59.22
-70.66
-80.46
-91.1
-98.39
-107.38
-115.09
-122.85
-127.76
-134.81
-142.93
-150.09
-156.92
-163
-170.47
-176.75
-4.48
-9.85
-14.81
-17.55
-21.31
-25.45
-33.14
-41.05
-52.08
-63.38
-73.27
-81.36
-89.14
-95.76
-99.66
-106.42
-117.39
-130.64
-140.11
-143.95
-145.09
-146.33
-150.39
-156.76
-164.5
-172.31
-0.41
-10.21
-20.91
-32.27
-41.87
-49.24
-54.59
-60.69
-69.45
-80.01
-88.61
-99.59
-111.25
-125.01
-137.06
-141.98
-142.88
-143.13
-143.43
-143.41
-143.47
-143.79
-147
-154.99
-168.12
-6.31
-20.19
-34.98
-48.59
-62.23
-73.41
-80.8
-88.49
-95.68
-104.5
-111.98
-119.88
-129.27
-141.63
-152.56
-163.72
-172.39
-0.19
-5.15
-9.18
-12.36
-13.57
-16.57
-21.49
-29.42
-36.06
-46.34
-56.49
-68.77
-78.78
-87.16
-94.98
-101.69
-101.69
-101.69
-101.69
-101.69
-101.69
-101.69
-101.69
-101.69
-101.69
-101.69
-101.69
-101.69
-101.69
-101.69
-101.69
-101.69
-101.69
-101.69
-101.69
-101.69
-101.69
-101.69
-101.69
-101.69
-101.69
-101.69
-101.69
-101.69
-101.69
-101.69
-101.69
-101.69
-101.69
-101.69
-101.69
-101.69
-101.69
-101.69
-101.69
-101.69
-101.69
-101.69
-101.69
-101.69
-101.69
-101.69
-101.69
-101.69
-101.69
-101.69
-101.69
-101.69
-101.69
-101.69
-101.69
-101.69
-101.69
-101.69
-101.69
-101.69
-101.69
-101.69
-101.69
-101.69
-101.69
-101.69
-101.69
-101.69
-101.69
-101.69
-101.69
-101.69
-101.69
-101.69
-101.69
-101.69
-101.69
-101.69
-101.69
-101.69
-101.69
-101.69
-101.69
-101.69
-101.69
-101.69
-101.69
-101.69
-101.69
-101.69
-101.69
-101.69
-101.69
-101.69
-101.69
-101.69
-101.69
-101.69
-101.69
-101.69
-101.69
-101.69
-101.69
-101.69
-101.69
-101.69
-101.69
-101.69
-101.69
-101.69
-101.69
-101.69
-101.69
-101.69
-101.69
-101.69
-101.69
-101.69
-101.69
-101.69
-101.69
-101.69
-101.69
-101.69
-101.69
-101.69
-101.69
-101.69
-101.69
-101.69
-101.69
-101.69
-101.69
-101.69
-101.69
-101.69
-101.69
-101.69
-101.69
-101.69
-101.69
-101.69
-101.69
-101.69
-101.69
-101.69
-101.69
-101.69
-101.69
-101.69
-101.69
-101.69
-101.69
-101.69
-101.69
-101.69
-101.69
-101.69
-101.69
-101.69
-101.69
-101.69
-101.69
-101.69
-101.69
-101.69
-101.69
-101.69
-101.69
-101.69
-101.69
-101.69
-101.69
-101.69
-101.69
-101.69
-101.69
-101.69
-101.69
-101.69
-101.69
-101.69
-101.69
-101.69
-101.69
-101.69
-101.69
-101.69
-101.69
-101.69
-101.69
-101.69
-101.69
-101.69
-101.69
-101.69
-101.69
-101.69
-101.69
-101.69
-101.69
-101.69
-101.69
-101.69
-101.69
-101.69
-101.69
-101.69
-101.69
-101.69
-101.69
-101.69
-101.69
-101.69
-101.69
-101.69
-101.69
-101.69
-101.69
-101.69
-101.69
-101.69
-101.69
-101.69
-101.69
-101.69
-101.69
-101.69
-101.69
-101.69
-101.69
-101.69
-101.69
-101.69
-101.69
-101.69
-101.69
-101.69
-101.69
-101.69
-101.69
-101.69
-101.69
-101.69
-101.69
-101.69
-101.69
-101.69
-101.69
-101.69
-101.69
-101.69
-101.69
-101.69
-101.69
-101.69
-101.69
-101.69
-101.69
-101.69
-101.69
-101.69
-101.69
-101.69
-101.69
-101.69
-101.69
-101.69
-101.69
-101.69
-101.69
-101.69
-101.69
-101.69
-101.69
-101.69
-101.69
-101.69
-101.69
-101.69
-101.69
-101.69
-101.69
-101.69
-101.69
-101.69
-101.69
-101.69
-101.69
-101.69
-101.69
-101.69
-101.69
-101.69
-101.69
-101.69
-101.69
-101.69
-101.69
-101.69
-101.69
-101.69
-101.69
-101.69
-101.69
-101.69
-101.69
-101.69
-101.69
-101.69
-101.69
-101.69
-101.69
-101.69
-101.69
-101.69
-101.69
-101.69
-101.69
-101.69
-101.69
-101.69
-101.69
-101.69
-101.69
-101.69
-101.69
-101.69
-101.69
-101.69
-101.69
-101.69
-101.69
-101.69
-101.69
-101.69
-101.69
-101.69
-101.69
-101.69
-101.69
-101.69
-101.69
-101.69
-101.69
-101.69
-101.69
-101.69
-101.69
-101.69
-101.69
-101.69
-101.69
-101.69
-101.69
-101.69
-101.69
-101.69
-101.69
-101.69
-101.69
-101.69
-101.69
-101.69
-101.69
-101.69
-101.69
-101.69
-101.69
-101.69
-101.69
-101.69
-101.69
-101.69
-101.69
-101.69
-101.69
-101.69
-101.69
-101.69
-101.69
-101.69
-101.69
-101.69
-101.69
-101.69
-101.69
-101.69
-101.69
-101.69
-101.69
-101.69
-101.69
-101.69
-101.69
-101.69
-101.69
-101.69
-101.69
-101.69
-101.69
-101.69
-101.69
-101.69
-101.69
-101.69
-101.69
-101.69
-101.69
-101.69
-101.69
-101.69
-101.69
-101.69
-101.69
-101.69
-101.69
-101.69
-101.69
-101.69
-101.69
-101.69
-101.69
-101.69
-101.69
-101.69
-101.69
-101.69
-101.69
-101.69
-101.69
-101.69
-101.69
-101.69
-101.69
-101.69
-101.69
-101.69
-101.69
-101.69
-101.69
-101.69
-101.69
-101.69
-101.69
-101.69
-101.69
-101.69
-101.69
-101.69
-101.69
-101.69
-101.69
-101.69
-101.69
-101.69
-101.69
-101.69
-101.69
-101.69
-101.69
-101.69
-101.69
-101.69
-101.69
-101.69
-101.69
-101.69
-101.69
-101.69
-101.69
-101.69
-101.69
-101.69
-101.69
-101.69
-101.69
-101.69
-101.69
-101.69
-101.69
-101.69
-101.69
-101.69
-101.69
-101.69
-101.69
-101.69
-101.69
-101.69
-101.69
-101.69
-101.69
-101.69
-101.69
-101.69
-101.69
-101.69
-101.69
-101.69