
3.189974337109163
3.1844948999792138
3.179349160570478
3.174516796691737
3.169978723773209
3.165717019495421
3.1617148530081494
3.1579564184599533
3.1544268725757405
3.151112276035878
3.1479995384252923
3.145076366535193
3.1423312158132006
3.1397532447701764
3.137332272163672
3.1350587367889027
3.1329236597184575
3.130918608841604
3.1290356655631513
3.1272673935303565
3.125606809264358
3.12404735458016
3.1225828706862266
3.1212075738614367
3.1199160326132755
3.1187031462271264
3.117564124621893
3.1164944694324177
3.1154899562439837
3.114546617908726
3.1136607288780844
3.1128287904894094
3.1120475171486035
3.111313823354255
3.110624811511979
3.1099777604908994
3.1093701148770023
3.1087994748809926
3.1082635868607404
3.10776033442092
3.1072877300546864
3.106843907294355
3.1064271133401284
3.112125702137714
3.1174772468775274
3.122502882542687
3.121132456995838
3.119845490364792
3.118636900001576
3.1175019127914787
3.1164360463024785
3.115435091082656
3.1144950940357212
3.1136123428089455
3.112783351131881
3.1120048450479487
3.1112737499845267
3.1105871786104693
3.109942419433093
3.109336926089618
3.1087683072907595
3.108234317376752
3.1077328474485064
3.1072619170388904
3.106819666291223
3.106404348614088
3.1060143237834907
3.1056480514650744
3.10530408513085
3.1049810663463795
3.1046777194058848
3.104392846294065
3.1041253219547578
3.1038740898477144
3.1036381577759897
3.103416593967431
3.103208523394816
3.1030131243200714
3.1028296250489795
3.1026573008834966
3.10249547125969
3.102343497059973
3.1022007780890206
3.1020667507034005
3.101940885585563
3.101822685653403
3.1017116840971113
3.125967442535593
3.148746025285174
3.1701373923453033
3.1719560251514736
3.1736639032197473
3.1752677715136635
3.1706839642284805
3.166379310806967
3.1623368107788217
3.1829004990023897
3.2022118586131434
3.2203471564235997
3.2130180145974023
3.2061352175084217
3.199671582762157
3.1936015833719402
3.1879012469445875
3.1825480610056616
3.1775208840904163
3.1727998622493097
3.168366350638326
3.164202839884453
3.1566210501211174
3.153172828168742
3.149934602933264
3.1468935856146274
3.1440377662506975
3.1413558662860304
3.138837294029212
3.1364721028228324
3.1342509517609223
3.1382550687986814
3.142015335108841
3.1455466012007136
3.142772813187591
3.140167948864466
3.137721720778618
3.1354244679831993
3.1332671178830225
3.1312411504039446
3.1293385643443443
3.1275518457757734
3.125873938368027
3.1242982155214136
3.1228184541961603
3.1214288103356154
3.120123795786178
3.118898256622799
3.1177473527944706
3.1166665390092874
3.1156515467836208
3.1146983675844986
3.113803236998603
3.112962619865389
3.112173196315588
3.1114318486599686
3.1107356490765774
3.1100818480478125
3.109467863501699
3.1088912706144463
3.1083497922340264
3.1078412898869736
3.1073637553328552
3.106915302633084
3.106494160702727
3.10609866631593
3.105727257537289
3.105378467553269
3.105050918879275
3.104743317919528
3.1044544498582276
3.1041831738618626
3.1039284185736733
3.1036891778825364
3.1034645069494893
3.103253518476265
3.1030553792010593
3.1028693066077153
3.108784565835304
3.1143395857759337
3.119556305002181
3.118365326027547
3.1172468776724678
3.1161965428222125
3.1213001733643395
3.126092992806452
3.1305939295445384
3.1287307592352747
3.1269810559978453
3.125337909687577
3.1237948309876025
3.1223457257804554
3.1209848710804238
3.1197068924316262
3.1185067426825412
3.1173796820531727
3.122411259416136
3.127136413717693
3.1315738061222866
3.129650961329439
3.1278452177844756
3.126149444021401
3.1245569428804956
3.123061425059074
3.1216569842729776
3.1203380739307534
3.1190994852283715
3.117936326577965
3.1168440042893657
3.1158182044281446
3.1148548757784695
3.113950213843559
3.1131006458204844
3.1123028164900184
3.1115535749657752
3.1108499622503594
3.1101891995493105
3.109568677296757
3.1089859448493833
3.1327987008080527
3.155161259928839
3.1761619391991687
3.1715236771019377
3.167167885166428
3.163077360959793
3.18359594967734
3.202864956341987
3.2209604805007572
3.213593987238262
3.206676113415451
3.2001795381084506
3.194078604237646
3.1883492172395727
3.1829687499096835
3.177915953040184
3.1731708715000373
3.1687147654256833
3.164530036211257
3.160600157005991
3.1569096074443266
3.153443812350968
3.1501890841787947
3.147132568952305
3.14426219550311
3.141566627796969
3.139035220164132
3.136657975256135
3.134425504563037
3.1323289913351466
3.130360155762837
3.128511222276881
3.1267748888402203
3.125144298109852
3.123613010354962
3.1221749780243435
3.1208245218626622
3.1195563084812257
3.1183653292947184
3.1172468807406695
3.1161965457035627
3.1152101760702138
3.114283876347539
3.1134139882779728
3.112597076391843
3.1118299144395785
3.1111094726502095
3.110432905765812
3.1097975418046744
3.1092008715087687
3.1086405384338853
3.1081143296432607
3.107620166967987
3.1132460987996353
3.118529411382738
3.123490970229529
3.122060370142549
3.120716893600868
3.119455234780574
3.1182704109824364
3.117157742953605
3.11611283640773
3.1151315646704987
3.1142100523820666
3.1133446601919985
3.112531970386307
3.1117687733897803
3.1110520550903438
3.110378984935341
3.109746904752779
3.109153318253334
3.1085958811717056
3.1080723920083493
3.1075807833350417
3.1071191136299383
3.1066855596098755
3.112368409029635
3.117705172919731
3.12271692788892
3.1213334669804844
3.120034258841372
3.118814172477933
3.1176683893740247
3.1165923844611463
3.1155819082474636
3.114632970035192
3.1137418221600477
3.1129049451905004
3.1121190340283995
3.111380984856069
3.1106878828783344
3.110036990811043
3.1094257380706516
3.1088517106221474
3.1083126414452593
3.107806401581243
3.1073309917249468
3.1068845343288984
3.1064652661882697
3.1060715314774043
3.105701775210431
3.1053545371001157
3.105028445790719
3.104722213442063
3.1044346306434427
3.1041645616372584
3.1039109398335505
3.103672763597686
3.1034490922945857
3.1032390425738434
3.1030417848810963
3.102856540181836
3.1026825768847637
3.102519207952483
3.1023657881881768
3.102221711687516
3.1020864094457465
3.101959347110501
3.101840022871471
3.1017279654785987
3.101622732380953
3.1015239079789545
3.101431101983035
3.1013439478722695
3.1012621014468493
3.1011852394687374
3.101113058385092
3.10104527312944
3.100981615995856
3.1009218355817083
3.1008656957947807
3.1008129749208777
3.1007634647481943
3.1007169697450294
3.106763306287558
3.112441420934644
3.1177737383997233
3.1166913177311812
3.115674816481352
3.1147202201576363
3.113823758750037
3.1129818918421606
3.112191294628971
3.111448844786068
3.110751610138596
3.110096837081155
3.1094819397029134
3.108904489575007
3.108362206159889
3.1078529478047514
3.1073747032834405
3.106925583853478
3.112593815796803
3.1179168524147762
3.1229157161027175
3.1215201489920616
3.120209571918444
3.1189788089886115
3.123912999521206
3.128546697850364
3.132898203951278
3.1308947033306467
3.1290132158978103
3.127246311049632
3.1255870107067096
3.124028761754669
3.1225654101638085
3.1211911766848317
3.1199006340247237
3.118688685412618
3.1175505444709906
3.1164817163127054
3.1154779797892616
3.1145353708200965
3.113650166737152
3.11281887158286
3.112038202303463
3.111305075783182
3.1106165966679846
3.109970045930904
3.1093628701337117
3.1087926713425666
3.108257197657803
3.1077543343204432
3.107282095360329
3.106838615752885
3.1064221440535356
3.106031035480676
3.1056637454199034
3.105318823323831
3.1049949069834106
3.10469071714812
3.1044050524737976
3.1041367847781416
3.1038848545851536
3.103648266940919
3.103426087484216
3.1032174387564275
3.1030214967361616
3.102664684591005
3.1025024052994112
3.1023500088166784
3.1022068932797424
3.1020724934790067
3.1019462786261336
3.101827750257801
3.1017164402671007
3.101611909054835
3.1015137437933937
3.1014215567963745
3.101334983987474
3.1012536834626374
3.101177334139763
3.1011056344906507
3.101038301350169
3.1009750687979434
3.1009156871081487
3.100859921763263
3.100807552527879
3.1007583725789303
3.100712187688874
3.100668815458622
3.10062808459719
3.10058983424522
3.1005539133396844
3.1005201800172983
3.100488501054244
3.100458751340039
3.1004308133834293
3.10040457684838
3.100379938118312
3.1003567998869066
3.100335070773795
3.100314664963669
3.1002955018673823
3.100277505803657
3.100260605700214
3.100244734813071
3.100229830462954
3.100215833787761
3.1002026895100876
3.1001903457189215
3.1001787536646397
3.100167867566462
3.1001576444316647
3.1001480438857776
3.100139028013132
3.1001305612071306
3.100122610029615
3.10011514307881
3.1001081308653085
3.100101545695612
3.1000953615627473
3.1000895540435742
3.10008410020232
3.1000789784999974
3.100074168709348
3.10006965183495
3.1000654100382015
3.1000614265668744
3.1000576856889523
3.100054172630493
3.100050873517297
3.1000477753200926
3.100044865803099
3.1000421334756894
3.100039567547018
3.1000371578834027
3.100034894968303
3.1000327698647325
3.10003077417997
3.1000289000324095
3.100027140020437
3.100025487193193
3.1000239350231276
3.100022477380218
3.100021108507761
3.100019822999638
3.1000186157789607
3.100017482078023
3.1000164174194715
3.1000154175986268
3.1000144786668713
3.1000135969160603
3.1000127688638734
3.1000119912400628
3.1000112609735417
3.100010575180253
3.1000099311517744
3.1000093263446296
3.1000087583702403
3.100008224985494
3.100007724083877
3.100007253687167
3.100006811937618
3.100006397090617
3.1000060075077975
3.100005641650572
3.100005298074052
3.100004975421342
3.1000046724181836
3.1000043878679158
3.1000041206467586
3.1000038696993713
3.100003634034678
3.1000034127219642
3.100003204887198
3.1000030097095674
3.1000028264182546
3.1000026542893835
3.10000249264316
3.10000234084119
3.10000219828396
3.100002064408468
3.100001938685992
3.1000018206200153
3.100001709744255
3.100001605620829
3.1060915078385207
3.1118105350111556
3.117181273428976
3.1222249338771526
3.1269614354040343
3.1314094839879303
3.159946646413065
3.1867458956465065
3.211913070601632
3.2355475646019904
3.2577427179177256
3.2785861863965344
3.2981602876449827
3.3165423261274007
3.3338048984662407
3.3500161801496446
3.3652401947785293
3.379537066916516
3.392963259541297
3.405571797035229
3.417412474595782
3.428532054892898
3.4389744527499175
3.4487809085774472
3.4579901512450775
3.466638551034251
3.474760263276263
3.4823873632427365
3.4895499728212513
3.496276379476434
3.5025931479663157
3.508525225255166
3.514096039037124
3.51932759025976
3.52424054001294
3.5288542911261516
3.50882706479657
3.4900194965504596
3.472357309210537
3.4557707490796155
3.4401943104606687
3.4255664769536125
3.411829478507137
3.3989290632660527
3.38681428331315
3.375437293459381
3.3647531622877054
3.354719694704386
3.345297265296889
3.3364486618403078
3.3281389383342344
3.320335276989681
3.3130068586210086
3.30612474093099
3.3240217442082916
3.3408288199860046
3.3566123448488554
3.371434653047558
3.3853542826769605
3.398426206861931
3.410702050864039
3.4222302959664184
3.433056470942063
3.443223331861688
3.4527710309513076
3.461737275166371
3.4701574751087385
3.478064884874616
3.485490733385749
3.4924643477225565
3.49901326894625
3.505163360867421
3.5109389121905927
3.516362732438182
3.521456242032695
3.5262395568929
3.530731567878121
3.5349500153943403
3.5389115594568246
3.5426318454859036
3.54612556609581
3.5494065191205735
3.5524876621061274
3.5553811634838617
3.5580984506276927
3.5606502549844627
3.5630466544559063
3.565297113199538
3.5674105190056835
3.5693952183982347
3.5712590495977814
3.573009373477273
3.5746531026325066
3.5761967286821843
3.5776463479054357
3.5790076853179933
3.5802861172821245
3.5814866927396416
3.5826141531517948
3.583672951224848
3.5846672684952523
3.58560103184389
3.5864779290045945
3.5873014231282134
3.5880747664597017
3.588801013182305
3.5894830314794994
3.5901235148623947
3.5907249928072744
3.5912898407453078
3.591820289443916
3.5923184338167786
3.5988762411973347
3.6050346781084137
3.6108180662116105
3.6101592459793217
3.6095405478991793
3.608959528532118
3.60841389324451
3.6079014871459165
3.60742028657873
3.6069683911260846
3.606544016106504
3.606145485525616
3.6057712254571044
3.605419757826766
3.6050896945751134
3.604779732175487
3.604488646485997
3.6042152879149967
3.60395857688097
3.6037174995489174
3.6034911038263857
3.6032784956033552
3.6030788352211083
3.6028913341561406
3.60271525190603
3.6025498930649498
3.6023946045772917
3.602248773158532
3.6021118228731765
3.6019832128601976
3.6018624351970097
3.60174901289351
3.6016424980082924
3.601542469879586
3.601448533463916
3.6013603177759634
3.601277474423405
3.601199676231019
3.601126615948548
3.601058005037281
3.600993572530509
3.6009330639633994
3.6008762403680272
3.6008228773296125
3.6068627641002386
3.612534821766534
3.6178614511209517
3.616773688747685
3.6157521711029474
3.6147928638827764
3.6138919784723136
3.613045956983349
3.612251458203062
3.611505344398495
3.610804668924626
3.6101466645871128
3.6095287327137555
3.6089484328914843
3.6084034733283907
3.6078917018026893
3.6074110971629025
3.6069597613456814
3.606535911879728
3.606137874846251
3.6057640782681126
3.6054130459015816
3.605083391406172
3.580413812869537
3.557246611665782
3.535490293015336
3.539418934170701
3.5431083210797034
3.546573024325948
3.549826727144495
3.552882279461393
3.555751748642191
3.5645364671498783
3.5727861963004486
3.5805335169457493
3.58171902576375
3.582832337094736
3.583877847765663
3.584859686836733
3.585781731908373
3.5866476244351517
3.587460784107048
3.5882244223549264
3.588941555033511
3.5896150143319687
3.5902474599591514
3.590841389647636
3.5913991490180948
3.591922940842892
3.5924148337455577
3.5928767703704523
3.5933105750548897
3.593717961034045
3.594100537207069
3.594459814491156
3.5947972117886415
3.59511406159071
3.5954116152398328
3.5956910478717248
3.595953463056336
3.596199897156204
3.596431323419388
3.596648655823145
3.596852752683514
3.597044420045087
3.597224414864339
3.5973934479990994
3.5975521870159533
3.597701258826678
3.5978412521641303
3.5979727199073324
3.5980961812649745
3.5982121238259346
3.5983210054849337
3.5984232562509
3.5985192799452186
3.5986094557965522
3.598694139938541
3.5987736668162817
3.5988483505071684
3.5989184859612813
3.598984350166237
3.5746862032411144
3.55186781346373
3.5304390636237883
3.534675324649097
3.538653597377966
3.5423895932976457
3.521538067065819
3.5019563987815125
3.4835672540957177
3.4906580083212866
3.497316935614517
3.50357033423559
3.5094429008806394
3.514957828217007
3.495776896478592
3.477764083483045
3.4608482507989287
3.4693225923252733
3.4772808464526612
3.484754442903693
3.4917728973308577
3.498363927883407
3.504553564675305
3.5103662525865786
3.5158249478040524
3.520951208482785
3.52576527988618
3.5302861743411107
3.5345317463237365
3.5385187629726182
3.5422629703075827
3.5457791554158504
3.5490812048510243
3.5521821594755956
3.555094265963529
3.533469025166351
3.513160761533719
3.494089271156316
3.500539234542895
3.5065963951592316
3.5122846746940333
3.517626538005164
3.5226430818406484
3.527354118156552
3.531778252360816
3.535932956792042
3.5398346397234057
3.543498710164247
3.5469396387152408
3.550171014717481
3.553205599921185
3.5560553788859828
3.5587316063118237
3.56124485148743
3.5636050400318453
3.565821493093903
3.5679029641644817
3.5698576736468617
3.5473333413217674
3.5261807408352723
3.506316333718406
3.5120216689949544
3.5173795493531586
3.522411134797551
3.5271362966883792
3.531573696220054
3.535740858120249
3.539654239860724
3.543329296653205
3.5467805424870242
3.550021607449562
3.553065291555882
3.5559236153001272
3.558607867128348
3.5611286480202295
3.563495913355794
3.5657190122324245
3.5678067243874665
3.5697672948722676
3.5716084666145456
3.5733375109977175
3.5749612565779536
3.5764861160523544
3.577918111584765
3.579262898589249
3.580525788065163
3.581711767571992
3.582825520926857
3.5838714467024104
3.5848536755982323
3.585776086754297
3.586642323070958
3.5874558055959334
3.58821974703514
3.588937164440697
3.589610891126256
3.5902435878566656
3.590837753356194
3.5913957341767997
3.5675597339654317
3.5451753461669355
3.524154167585369
3.5105031787794196
3.4976835351917543
3.4856446078985783
3.4743388512775546
3.4637216152347534
3.453750968866956
3.4443875348629582
3.4355943339898047
3.4273366390498268
3.443941837731689
3.4595357798138267
3.4741800508231613
3.487932485728031
3.5008473973471936
3.512975790848749
3.5243655651860593
3.5350617022662263
3.5451064445982112
3.554539462122179
3.563398008878938
3.5717170701382095
3.5795295005667924
3.5868661539822746
3.593756005204753
3.6002262644877803
3.6063024849804712
3.6120086636451596
3.6173673360291687
3.6223996652649895
3.6088555256503483
3.5961362241382417
3.584191528088219
3.566884264027646
3.5506310123483615
3.5353675836963454
3.521033697849237
3.5075727456502186
3.4949315654401225
3.483060233104819
3.471911864908737
3.4614424323357937
3.4516105882065453
3.4423775033847654
3.4337067134286343
3.4255639745808324
3.4179171285288596
3.410735975401451
3.4039921544995018
3.397659032290484
3.3917115972239955
3.386126360953053
3.3808812655710128
3.3759555964977395
3.3713299006710287
3.3669859097201638
3.387266467818204
3.4063119399280737
3.4241975427864517
3.4409939124307556
3.4567673831637222
3.471580249529051
3.48549101233273
3.4985546096816655
3.510822633952049
3.497983535544371
3.4859263382297208
3.474603424231532
3.4639700756958334
3.453984298085956
3.444606654332521
3.4358001090836723
3.427529882440478
3.4197633125998514
3.412469726862522
3.4056203204965954
3.399188042978352
3.3931474911609705
3.3874748089492677
3.382147593084259
3.377144804665427
3.372446686061302
3.368034682880168
3.363891370692766
3.3600003862175782
3.3563463626969288
3.3529148692086856
3.349692353673877
3.3466660893351374
3.3499141244946244
3.3529643543129026
3.355828825135248
3.3585188496845078
3.3610450517387207
3.363417408087834
3.365645287935287
3.36773748990003
3.3697022767651177
3.3715474081101178
3.373280170956214
3.3749074085449777
3.3764355473645864
3.3778706225300823
3.379218301617996
3.3865739070494563
3.3934815561101423
3.399968529343031
3.3999704459060425
3.3999722457503623
3.399973935984164
3.399975523282727
3.399977013914807
3.3999784137673927
3.3999797283689546
3.399980962911286
3.3999821222699893
3.399983211023745
3.399984233472395
3.399985193653926
3.399986095360404
3.3999869421529567
3.399987737375838
3.399988484169647
3.3999891854837117
3.399989844087756
3.3999904625828137
3.399991043411518
3.3999915888677563
3.3999921011057097
3.3999925821483714
3.3999930338955338
3.3999934581312914
3.399993856531097
3.406084230668352
3.4118037010206486
3.417174855628488
3.4161289069207115
3.4151466564892416
3.414224225109045
3.413357969799904
3.4125444694390907
3.4117805112502495
3.411063078115106
3.410389336657893
3.409756626055426
3.409162447528651
3.4086044544741583
3.408080443196681
3.4075883442060046
3.4071262140438563
3.4066922276085876
3.4062846709472225
3.405901934486536
3.4116325066763054
3.417014087019716
3.422067929120214
3.4207239922367947
3.419461901109571
3.418276671331995
3.417163622047873
3.416118357465159
3.415136749495531
3.4263949214512515
3.436967470734867
3.4468961517671133
3.4501301761244925
3.4531672483985076
3.4560193629710376
3.458697783766098
3.461213088734741
3.4635752116307934
3.465793481242475
3.4678766582348075
3.469832969748307
3.471670141890634
3.473395430249493
3.475015648547295
3.476537195550762
3.4779660803417194
3.4793079460489054
3.4805680921345257
3.4817514953235325
3.482862829258327
3.483906482956492
3.4848865781444403
3.48580698553544
3.486671340116331
3.487483055503244
3.488245337423095
3.4889611963740244
3.4896334595148453
3.4902647818303905
3.4908576566169174
3.4914144253289443
3.49193728682641
3.4924283060586774
3.492889422219701
3.493322456406517
3.493729118811359
3.4941110154757453
3.4944696546332707
3.4948064526661007
3.4951227396987328
3.4954197648510785
3.4956987011716443
3.4959606502702876
3.496206646668824
3.4964376618866915
3.4966546082777903
3.496858342633672
3.4970496695672786
3.4972293446906306
3.4973980775989695
3.4975565346731905
3.4977053417115904
3.4978450864013517
3.4979763206395056
3.4980995627125573
3.498215299343361
3.4983239876133467
3.4984260567676913
3.4985219099105365
3.4986119255969825
3.498696459328123
3.4987758449550377
3.498850395997273
3.4989204068810373
3.4989861541019813
3.499047897317169
3.49910588037055
3.4991603322559826
3.499211468021592
3.4992594896190745
3.499304586701271
3.499346937371161
3.499386708885254
3.4994240583141405
3.4994591331628087
3.5055820719531923
3.51133212377124
3.5167319974335705
3.521803018789864
3.5265652149455597
3.5310373933553727
3.5595972161000304
3.5864177456395367
3.61160490493009
3.6352581662198453
3.6574709438970565
3.6783309634137247
3.6979206077418283
3.7163172427303515
3.7335935226480714
3.749817677118802
3.7650537805822673
3.779362005344808
3.7927988592193103
3.805417408692854
3.8172674885034574
3.804035898453595
3.7916101122377697
3.779941056402489
3.768982646067574
3.758691602922056
3.749027284304102
3.7399515226899815
3.731428474958161
3.7234244808332058
3.715907929950461
3.7088491370164753
3.7022202245721694
3.6959950128957217
3.6901489166103687
3.6846588475887962
3.679503123770637
3.674661383533003
3.6701145052758406
3.66584453190454
3.6618345999115505
3.682428872776935
3.701768954424818
3.7199312251003462
3.736987413491736
3.7530048800100886
3.7680468828174725
3.7821728276538877
3.795438502449766
3.8078962976505757
3.819595413123654
3.830582052464422
3.840899605469339
3.850588819496256
3.859687960388932
3.8438729636012425
3.8290211001179237
3.8150737151207395
3.801975725869884
3.789675404164406
3.7781241720507914
3.7672764099728973
3.7570892766055444
3.747522539660263
3.7385384169949525
3.7301014273999584
3.7221782504712984
3.7147375950175956
3.707750075481023
3.701188095884227
3.6950257408448763
3.689238673227422
3.683804038027869
3.6847903721119692
3.685716638450348
3.6865864951687186
3.6874033776129416
3.6881705119163115
3.688890927740605
3.689567470241201
3.690202811303511
3.690799460095125
3.6913597729753285
3.6918859628011305
3.6923801076665406
3.6928441591096473
3.6932799498198676
3.6936892008758377
3.6940735285424964
3.6944344506542564
3.6947733926094095
3.695091692999494
3.695390608895824
3.6956713208140677
3.6959349373764887
3.6961824996902592
3.6964149854591213
3.6966333128446607
3.69683834409242
3.6970308889371886
3.6972117078009106
3.6973815147958327
3.6975409805447654
3.697690734829589
3.6978313690784645
3.697963438701585
3.698087465284658
3.6982039386488204
3.6983133187851074
3.698416037671091
3.6985125009769213
3.698603089667426
3.698688161506677
3.6987680524709177
3.6988430780754378
3.6989135346206403
3.6989797003622407
3.699041836610178
3.6991001887606174
3.699154987265093
3.6992064485406466
3.699254775824521
3.6993001599768043
3.6993427802342147
3.699382804917949
3.699420392098446
3.6994556902196507
3.699488838685273
3.699519968409337
3.6995492023332055
3.6995766559111125
3.6996024375661243
3.7057166491183473
3.7114585051870392
3.7168506822211462
3.7158244756738767
3.7148607651053354
3.713955744510418
3.7131058396697334
3.7123076940338464
3.711558155467184
3.716944263799231
3.7220023581338566
3.726752414523503
3.7312131924790215
3.735402309057047
3.7393363084354725
3.736940727251749
3.734691036962115
3.732578352811121
3.730594331124923
3.7287311363594142
3.7269814101551226
3.725338242276674
3.7237951433220218
3.7223460190937097
3.7209851465309
3.7197071511071655
3.718506985604737
3.717379910181407
3.716321473651359
3.7153274959059885
3.7143940514053106
3.7135174536747257
3.7126942407459325
3.7119211614845042
3.711195162750098
3.7105133773386143
3.7098731126586912
3.7092718400977738
3.7087071850358164
3.708176917467135
3.707678943193386
3.7072112955529057
3.706772127653732
3.706359705079617
3.7059723990402667
3.705608679938713
3.7052671113304427
3.7049463442504162
3.704645111885565
3.7043622245717316
3.7040965650953126
3.703847084281005
3.70361279684829
3.7033927775202287
3.7031861573692453
3.7029921203854563
3.702809900253982
3.702638777328513
3.7024780757892053
3.702327160973642
3.7021854368703444
3.70205234376494
3.7019273560296533
3.7018099800474467
3.701699752262556
3.701596237349765
3.7014990264951635
3.7014077357816078
3.7013220046725053
3.701241494587947
3.701165887567541
3.701094885014676
3.7010282065172824
3.7009655887403774
3.7009067843860883
3.7008515612169752
3.700799701138859
3.700750999339501
3.7007052634797226
3.7006623129338045
3.7006219780761356
3.700584099611298
3.7005485279449672
3.700515122593117
3.7004837516271962
3.700454291153097
3.7004266248218727
3.7004006433702195
3.70037624418897
3.70035333091786
3.7003318130649596
3.7003116056493006
3.700292628865256
3.700274807767361
3.7002580719743285
3.70024235539109
3.700227595947773
3.700213735354552
3.700200718871457
3.700188495092185
3.700177015741069
3.7001662354824347
3.7001561117415527
3.700146604536492
3.7001376763202174
3.700129291832315
3.700121417959725
3.700114023605977
3.7001070795683724
3.7001005584226583
3.7000944344147157
3.7000886833588567
3.700083282542302
3.700078210635475
3.7000734476077746
3.7000689746484596
3.7000647740923682
3.700060829350143
3.7000571248427185
3.7000536459397964
3.7000503789020627
3.7000473108269247
3.7000444295975647
3.7000417238350707
3.700039182853512
3.7000367966177308
3.7000345557037093
3.7000324512613503
3.700030474979531
3.7000286190532776
3.7000268761529327
3.7000252393952167
3.700023702316045
3.700022258844996
3.7000209032813345
3.7000196302714983
3.700018434787964
3.700017312109374
3.700016257801913
3.700015267701776
3.700014337898736
3.7000134647207013
3.7000126447192088
3.7000118746558073
3.7000111514892673
3.7000104723635694
3.700009834596628
3.700009235669693
3.7000086732174076
3.700008145018465
3.7000076489868405
3.700007183163539
3.700006745708876
3.7000063348952033
3.7000059491000847
3.7000055867998896
3.700005246563773
3.700004927048038
3.700004626990811
3.70000434520707
3.700004080583959
3.700003832076394
3.7000035987029385
3.700003379541929
3.7000031737278256
3.700002980447799
3.7000027989385273
3.700002628483169
3.7000024684085417
3.7000023180824613
3.7000021769112372
3.7000020443373423
3.700001919837195
3.7000018029191075
3.700001693121333
3.700001590010242
3.7000014931786183
3.7000014022440375
3.7000013168473735
3.7000012366513673
3.700001161339298
3.700001090613732
3.7000010241953554
3.700000961821857
3.700000903246906
3.700000848239167
3.7000007965813992
3.7000007480695913
3.7000007025121526
3.7000006597291595
3.700000619551652
3.700000581820955
3.7000005463880576
3.7000005131130216
3.7000004818644356
3.700000452518889
3.7000004249604856
3.700000399080391
3.700000374776394
3.700000351952511
3.700000330518602
3.700000310390017
3.700000291487264
3.7000002737356894
3.7000002570651844
3.7000002414099136
3.700000226708049
3.7000002129015286
3.7000001999358254
3.7000001877597306
3.7000001763251618
3.7000001655869568
3.7000001555027104
3.7000001460325933
3.700000137139206
3.7000001287874262
3.7000001209442708
3.7000001135787635
3.7000001066618147
3.7000001001661076
3.7000000940659916
3.7000000883373723
3.700000082957626
3.7000000779055036
3.700000073161057
3.7000000687055454
3.700000064521376
3.7000000605920214
3.700000056901967
3.7000000534366357
3.700000050182343
3.700000047126238
3.7000000442562495
3.7000000415610437
3.700000039029973
3.700000036653048
3.7000000344208743
3.700000032324642
3.700000030356069
3.7000000285073824
3.7000000267712814
3.700000025140909
3.7000000236098245
3.7000000221719844
3.700000020821708
3.700000019553663
3.700000018362843
3.7000000172445446
3.700000016194352
3.700000015208115
3.7000000142819403
3.7000000134121684
3.700000012595364
3.706090011828305
3.7118091301079588
3.717179954084383
3.7222236948806433
3.72696027186241
3.731408391305987
3.735585620275451
3.7395084560006744
3.743192391030231
3.746651974416487
3.749900869174521
3.7529519062417904
3.7558171351516627
3.7585078716209246
3.7610347422392074
3.7634077264368386
3.7656361958968354
3.767728951566717
3.769694258416301
3.771539878078748
3.7732730995037507
3.774900767743972
3.7764293109883624
3.777864765949168
3.7792128017028617
3.7804787420791577
3.7816675866865346
3.782784030657325
3.7838324831902916
3.7848170849640006
3.785741724489693
3.7866100534682694
3.787425501212052
3.788191288188237
3.788910438737574
3.7895857930184533
3.7902200182236285
3.7908156191138076
3.7913749479097767
3.791900213582071
3.7923934905749235
3.7928567269989095
3.7932917523246736
3.7937002846081
3.7940839372754667
3.79444422549539
3.7947825721627204
3.7951003135180095
3.7953987044247626
3.795678923325294
3.7959420768947822
3.7961892044118883
3.7964212818632035
3.7966392257977333
3.796843896946651
3.797036103622599
3.7972166049119807
3.7973861136728395
3.797545299350162
3.7976947906197367
3.7978351778709936
3.7979670155386493
3.798090824292345
3.798207093092941
3.8044062811235797
3.810227938603152
3.815695057142218
3.820829228162257
3.825650728167176
3.830178598821796
3.8344307221535487
3.838423891174397
3.8421738762018762
3.8456954871411817
3.849002631974283
3.8521083716870486
3.855024971851307
3.857763951065561
3.8603361264456666
3.862751656345125
3.8650200804737054
3.867150357572857
3.8691509007966687
3.8710296109381517
3.872793907632019
3.874450758657229
3.8760067074550015
3.877467898970991
3.8788401039236575
3.8801287415947066
3.8813389012315866
3.8824753621465824
3.883542612591853
3.8845448674850083
3.8854860850551702
3.8863699824753084
3.8872000505425603
3.887979567464516
3.8887116118059275
3.8893990746469456
3.890044671000947
3.890650950536987
3.8912203076492844
3.891754990913441
3.89225711196681
3.8927286538480317
3.893171478828684
3.893587335768018
3.8939778670197462
3.894344614918243
3.8946890278697204
3.8950124660724548
3.8953162068886407
3.8956014498891207
3.8958693215908724
3.896120879905986
3.8963571183197097
3.896578969814037
3.8967873105523623
3.896982963339724
3.897166700872333
3.8973392487892085
3.8975012885379456
3.8976534600659853
3.8977963643479647
3.8979305657591716
3.898056594304439
3.898174947711297
3.9043760933956797
3.910199589307883
3.9156684343190307
3.920804226669002
3.92562724926486
3.9301565497846305
3.9344100159027455
3.9384044459342675
3.942155615176869
3.9456783382125984
3.9489865274154496
3.9520932478958493
3.9550107690989904
3.9577506132608598
3.9603236009132736
3.9627398936176554
3.96500903409634
3.9671399839198713
3.969141158899152
3.971020462322194
3.972785316166771
3.9744426904122143
3.975999130566109
3.9774607835146334
3.9788334217985906
3.980122466411057
3.9813330082066223
3.9824698280068382
3.983537415481223
3.984539986878417
3.9854815016775227
3.9863656782253614
3.987196008421435
3.9879757715085695
3.988708047023696
3.989395726959952
3.9900415271880902
3.990647998182336
3.991217535093032
3.9917523872058673
3.99225466682503
3.9927263576153855
3.993169322436607
3.993585310700219
3.993975965278576
3.994342828993112
3.99468735070743
3.995010891049347
3.995314727784443
3.995600060862369
3.99586801715585
3.996119654911059
3.9963559679269736
4.002667889480222
4.008595415010877
4.014161954236716
4.013299491223698
4.012489552208173
4.011728938478694
4.011014646125339
4.0103438541763055
4.009713913456967
4.015212336127437
4.020375904857275
4.025225012251468
4.023688809005353
4.022246160536927
4.020891369360228
4.025709084966191
4.030233401691749
4.03448218752872
4.038472222308222
4.042219263969653
4.045738110793902
4.0490426598465525
4.052145961861896
4.055060272784505
4.057797102171929
4.060367258649659
4.062780892597896
4.0650475362386835
4.067176141281749
4.069175114277691
4.071052349818178
4.072815261714251
4.074470812275852
4.076025539808253
4.07748558443393
4.078856712341903
4.080144338560281
4.0813535483419585
4.088579117247935
4.095364649007536
4.101736941882976
4.1016311621223025
4.101531824349053
4.101438536246196
4.101350929388804
4.101268657789024
4.101191396529671
4.101118840481014
4.101050703095719
4.100986715277191
4.100926624316809
4.100870192895915
4.100817198148555
4.100767430781307
4.100720694246725
4.100676803967101
4.100635586605506
4.100596879381232
4.1005605294269145
4.100526393184815
4.1004943358398585
4.10046423078721
4.10043595913227
4.100409409221115
4.100384476199547
4.100361061598996
4.100339072947616
4.112498423405107
4.123917269419735
4.134640707712073
4.1325310886124065
4.130549945315909
4.128689453646171
4.126942265919119
4.1253014819246445
4.123760621675434
4.122313599815399
4.120954701586641
4.119678560260013
4.118480135940178
4.117354695661422
4.122387794695641
4.1271143779986765
4.131553112378558
4.135721527834704
4.139636086789572
4.143312249104088
4.1467645331336485
4.150006573065809
4.1530511727661015
4.155910356344645
4.158595415643255
4.161116954830582
4.1695749322813995
4.177517818905464
4.184976983734121
4.185891885424713
4.186751069602348
4.187557929463566
4.188315651559236
4.1890272283792775
4.189695470170978
4.190323016037567
4.1909123443608784
4.191465782589301
4.1919855164296145
4.192473598479051
4.192931956331677
4.193362400191077
4.193766630019439
4.194146242251257
4.194502736098155
4.194837519469779
4.195151914534069
4.195447162938944
4.195724430715963
4.19598481288536
4.196229337780643
4.196458971109802
4.202764619769216
4.20868625442527
4.2142472615307724
4.213379603303547
4.212564785462362
4.211799590027706
4.217170994995019
4.222215281399823
4.226952370762575
4.231400971383135
4.235578652225904
4.239501912305347
4.243186245845951
4.246646203473933
4.24989544968237
4.246856816796715
4.244003236653796
4.241323439541581
4.244896842073501
4.2482526243912275
4.251404039565802
4.254363533556244
4.257142794362668
4.259752798185982
4.262203852776455
4.264505638142371
4.260577244779501
4.256888090572431
4.253423605856572
4.250170108259908
4.247114748666881
4.244245460473067
4.247640911930258
4.250829580393706
4.253824058947728
4.256636173757812
4.259277030775962
4.261757059601706
4.257996054671963
4.254464094942442
4.251147231560449
4.248032365158419
4.245107194120273
4.242360165998349
4.239780431889049
4.237357803587006
4.235082713348557
4.239036176105632
4.242748872980801
4.24623546661627
4.2495097266993405
4.252584584343353
4.255472183156844
4.258183927202591
4.260730526035953
4.263122037000365
4.265367904947045
4.26747699953577
4.269457650264041
4.271317679362962
4.2730644326897576
4.274704808738953
4.276245285886752
4.277691947976248
4.279050508344493
4.274236332386312
4.2697153397439855
4.265469675553579
4.267572572312368
4.269547402658546
4.271401965836642
4.267053586117189
4.2629700227226515
4.265225148338843
4.267342936805008
4.269331751953583
4.271199448259612
4.272953401860601
4.274600539687292
4.270057366820335
4.265790873180979
4.261784209004258
4.264111550675899
4.2662971572397375
4.268349660363839
4.270277166047681
4.272087286635376
4.273787170879281
4.275383532172732
4.276882675063412
4.278290520152051
4.27352262747479
4.269045099461575
4.264840252904367
4.266981481502491
4.268992309278989
4.270880677643898
4.272654044375386
4.274319413072927
4.275883360816788
4.271262064143045
4.266922204436735
4.262846642186538
4.265109281677379
4.267234126423226
4.269229568124054
4.2650134874253
4.261054166041099
4.2573359673291975
4.253844206918849
4.250565094717491
4.247485680449195
4.25068380250984
4.253687158936991
4.25650761095773
4.2591562974504065
4.261643678935677
4.263979578888495
4.266173222534185
4.268233273281854
4.270167866938991
4.2719846438424085
4.273690779032407
4.275293010589333
4.276797666244445
4.278210688370159
4.279537657448415
4.274693814109806
4.270144960830521
4.265873132715942
4.2618614589335415
4.258094096084488
4.254556165632941
4.2512336951458956
4.2481135631115094
4.24518344711802
4.242431775188532
4.239847680079549
4.237420956362705
4.235142020120218
4.233001871094896
4.230992057145215
4.229104640865071
4.227332168236387
4.225667639190792
4.224104479964073
4.222636517134262
4.227347953240788
4.231772462888426
4.235927519898521
4.239829533936703
4.243493915319959
4.246935135876974
4.250166786102067
4.253201628828453
4.256051649632802
4.252638104170163
4.249432443626201
4.246422007809365
4.249684907533776
4.252749096664971
4.255626676678073
4.25832901206838
4.260866775233417
4.263249988621702
4.265488064314642
4.267589841197882
4.269563619868933
4.271417195418916
4.273157888217906
4.274792572825437
4.276327705140368
4.277769347897319
4.279123194610374
4.280394592058602
4.281588561402234
4.27661981801284
4.271953671095858
4.267571692526122
4.269546576451283
4.271401189945401
4.273142857477726
4.268688457457333
4.264505330398183
4.2605769557769335
4.256887819170117
4.253423350982658
4.250169868907815
4.24711452389133
4.244245249386349
4.241550713698722
4.23902027523447
4.2366439404726925
4.234412324497907
4.232316613935986
4.230348532147286
4.228500306539516
4.2328546378712595
4.236943790424899
4.240783913588022
4.244390173250512
4.247776811699556
4.250957203867053
4.253943910151548
4.256748726023321
4.2593827286085
4.2618563204362445
4.264179270521677
4.266360752946905
4.26840938309244
4.270333251662112
4.27213995663589
4.267746633276765
4.263620863310209
4.259746352734616
4.26219779985308
4.26449995384203
4.266661906653052
4.268692196537881
4.270598841768724
4.26629937230501
4.262261740531635
4.258470000533258
4.260999177500782
4.263374327590984
4.265604831040694
4.267699496830318
4.269666597473353
4.2715139016872286
4.273248705074476
4.27487785893544
4.2764077973262715
4.271754562469102
4.267384709614735
4.263280980799198
4.265517169068527
4.267617173472253
4.269589287607793
4.271441299992478
4.273180524822937
4.27481383086122
4.2763476685617725
4.277788095546363
4.279140800527589
4.2804111257754585
4.281604088215733
4.282724399243396
4.277686483329472
4.272955376494707
4.268512394066178
4.270429989267548
4.272230802921154
4.273921947023258
4.2694201004495405
4.265192416332162
4.261222198177535
4.257493766308524
4.253992395940337
4.250704259027572
4.223256369652791
4.197480056740936
4.203723521285415
4.209586758839134
4.215092925225832
4.220263766079579
4.225119702725333
4.229679912829361
4.233962406138055
4.237984095604247
4.241760864181948
4.24530762755327
4.248638393035275
4.251766314899427
4.254703746322054
4.257462288171041
4.260052834821426
4.2624856171808005
4.264770243094489
4.266915735290034
4.268930567010873
4.270822695479911
4.272599593325186
4.274268278091682
4.275835339955901
4.277306967752587
4.278688973416454
4.279986814935391
4.281205617905826
4.282350195775361
4.283425068852644
4.284434482159519
4.285382422196005
4.28627263268427
4.287108629353799
4.293983713826151
4.300440105654136
4.306503303219795
4.312197252053707
4.317544439403633
4.322565983043951
4.327281714676573
4.331710258252766
4.3358691035251695
4.339774675120484
4.343442397405646
4.340796755403641
4.338312232999559
4.335979018009887
4.339877895813082
4.343539331958063
4.3469777866418156
4.34411683943533
4.341430123913717
4.338907029367373
4.342627591278898
4.346121570970009
4.349402767297931
4.346394138769487
4.343568735718424
4.340915399713172
4.338423651870642
4.336083651471721
4.333886157097094
4.337912490129877
4.341693619480964
4.345244478054571
4.348579089341044
4.351710622800173
4.354651445871639
4.3574131728180525
4.3600067105934315
4.362442301918289
4.364729565731462
4.366877535178414
4.368894693286045
4.370789006464921
4.372567955971206
4.374238567452558
4.375807438694693
4.377280765678183
4.37866436704838
4.379963707095133
4.381183917333036
4.382329816767452
4.383405930926312
4.3844165097328975
4.385365544290163
4.386256782642889
4.387093744579936
4.387879735535016
4.388617859640931
4.389311031988797
4.389961990140677
4.390573304941107
4.391147390670191
4.397776514578375
4.40400192484055
4.40984820761776
4.4153384517738345
4.420494340060806
4.4253362347511
4.423793258054754
4.422344248639217
4.420983483897086
4.425795589727752
4.43031463831333
4.434558476840046
4.4385438656004865
4.442286544185414
4.4458012936445215
4.443011994861568
4.440392564374495
4.437932657204087
4.441712558380356
4.445262263574989
4.448595791723271
4.44563630800732
4.442857056849672
4.446337062087526
4.449605135006394
4.4526741822845
4.449466324583373
4.446453825416242
4.443624787448389
4.447058037892781
4.4502822033851075
4.453310017198952
4.450063437151535
4.447014573829005
4.444151386282815
4.447552566858189
4.450746615536524
4.453746146650346
4.456563006319339
4.459208319234488
4.461692532593105
4.464025457358183
4.466216307005066
4.468273733908454
4.470205863513428
4.472020326425458
4.473724288546144
4.475324479373683
4.476827218579825
4.478238440968312
4.47956371991334
4.480808289370614
4.481977064547941
4.483074661316969
4.484105414442762
4.485073394703196
4.485982424965769
4.486836095285351
4.4876377770824725
4.488390636458149
4.4890976466978465
4.489761600013946
4.490385118573094
4.490970664851989
4.491520551362502
4.492036949784524
4.492521899542645
4.499067315860497
4.505214116324591
4.510986576640423
4.516407494123019
4.521498277730924
4.526279032617108
4.530768639530724
4.534984829383301
4.538944253273858
4.542662548249478
4.546154399061084
4.549433596158263
4.552513090152225
4.555405042961951
4.558120875845567
4.560671314506571
4.5630664314531195
4.565315685777623
4.567427960513765
4.569411597718474
4.571274431417418
4.573023818544094
4.574666667994755
4.576209467913873
4.577658311317915
4.579018920158653
4.58029666792099
4.5814966008445985
4.58262345785316
4.583681689269902
4.584675474393364
4.585608738002808
4.586485165858434
4.587308219257654
4.5880811487048625
4.588807006748734
4.589488660037734
4.590128800641434
4.59072995668237
4.591294502320412
4.591824667129096
4.592322544900931
4.592790101916464
4.593229184709749
4.593641527360923
4.594028758344642
4.59439240696145
4.594733909377496
4.595054614296405
4.595355788285751
4.595638620779148
4.595904228773698
4.596153661241377
4.596387903271776
4.596607879962523
4.596814460072803
4.5970084594543685
4.597190644273596
4.597361734037332
4.597522404434457
4.597673290004398
4.5978149866431295
4.597948053956561
4.598073017470604
4.604280370706643
4.610109696130607
4.6155840156362515
4.620724949084003
4.625552799684787
4.630086634183982
4.634344358162178
4.638342786750101
4.642097711037017
4.645623960434861
4.648935461244378
4.652045291654595
4.654965733392828
4.6577083202292044
4.660283883527246
4.662702595020434
4.664974006983687
4.667107089958378
4.66911026817991
4.670991452847751
4.672758073369323
4.6744171067011315
4.675975104903031
4.677438221014434
4.678812233354652
4.680102568343351
4.681314321931239
4.682452279725627
4.683520935890336
4.684524510894612
4.685466968181128
4.686352029818895
4.687183191202923
4.687963734858663
4.688696743405767
4.689385111732356
4.6900315584278545
4.690638636519598
4.691208743555553
4.691744131073019
4.692246913490671
4.692719076459088
4.693162484702729
4.69357888938433
4.693969935020824
4.694337165978055
4.69468203256999
4.695005896786476
4.695310037672179
4.695595656377943
4.6958638809045254
4.696115770557437
4.696352320130487
4.696574463834537
4.696783078987011
4.696978989476701
4.697162969017569
4.697335744204398
4.697497997382349
4.703740369341762
4.709602580848848
4.715107783675151
4.720277719649335
4.725132806522691
4.729692218605457
4.733973962492385
4.737994948176599
4.741771055832643
4.745317198532433
4.748647381141808
4.751774755630272
4.7547116730123875
4.757469732125934
4.760059825439463
4.762492182070197
4.764776408182122
4.766921524923831
4.76893600405597
4.770827801408959
4.772604388303154
4.77427278105549
4.775839568689211
4.777310938956038
4.778692702773615
4.7799903171747005
4.781208906858762
4.782353284431061
4.783427969409207
4.784437206072184
4.785384980222386
4.786275034926842
4.787110885299796
4.787895832385036
4.788632976192787
4.789325227942644
4.789975321560934
4.790585824477873
4.791159147767168
4.791697555668147
4.792203174527955
4.792678001199203
4.79312391092617
4.793542664750763
4.79393591646744
4.794305219154573
4.794652031308058
4.794977722601395
4.795283579294971
4.795570809315905
4.795840547028565
4.796093857714524
4.79633174177971
4.796555138705326
4.796764930758172
4.7969619464749975
4.797146963934669
4.797320713831045
4.797483882358733
4.797637113923084
4.797781013685167
4.797916149951739
4.798043056419676
4.798162234283716
4.798274154215836
4.798379258224092
4.798477961398245
4.798570653549092
4.7986577007479525
4.798739446772402
4.798816214463962
4.798888307003107
4.799019588152024
4.799079295233565
4.799135366153841
4.799188022355072
4.799237471793646
4.79928390976141
4.799327519656938
4.79936847370983
4.799406933660901
4.799443051400949
4.79947696957063
4.7995088221237765
4.799538734856437
4.799566825903678
4.7995932062061435
4.799617979948188
4.799641244969344
4.799663093150709
4.79968361077783
4.799702878881458
4.7997209735575765
4.799737966267919
4.799753924122204
4.799768910143161
4.793692983515442
4.787987080819349
4.78262866759745
4.783686581740763
4.784680068912749
4.785613052715963
4.78648921780556
4.787312024441199
4.788084722152728
4.788810362573628
4.789491811492894
4.790131760172976
4.790732735978441
4.791297112357352
4.791827118214787
4.7923248467155055
4.792792263550531
4.7932312147003024
4.793643433725052
4.794030548611197
4.794394088200775
4.794735488229346
4.795056096996177
4.795357180689109
4.7956399283851425
4.795905456746485
4.796154814430622
4.796388986231797
4.79660889697028
4.796815415144788
4.797009356362469
4.797191486559996
4.79736252502849
4.797523147254253
4.797673987586467
4.797815641742449
4.797948669160334
4.798073595208468
4.798190913260271
4.79830108664272
4.798404550466177
4.798501713342787
4.79859295900021
4.798678647797097
4.798759118146254
4.798834687851148
4.798905655361011
4.798972300949526
4.799034887821698
4.799093663153354
4.799148859067312
4.799200693550112
4.799249371312911
4.7992950845999545
4.799338013947818
4.7993783288983956
4.799416188668481
4.799451742778569
4.799485131643355
4.799516487126272
4.79954593306028
4.799573585736908
4.799599554365528
4.799623941504667
4.7996468434670305
4.799668350699886
4.79968854814226
4.799707515560396
4.799725327862767
4.7997420553959245
4.79975776422231
4.7997725163811715
4.799786370133557
4.799799380192422
4.799811597938703
4.799823071624235
4.7998338465623185
4.799843965306671
4.799853467819492
4.799862391629283
4.799870771979059
4.799878641965535
4.799886032669832
4.799892973280237
4.799899491207469
4.7999056121929335
4.799911360410384
4.799916758561391
4.799921827965001
4.799926588641931
4.799931059393636
4.799935257876562
4.799939200671879
4.79994290335096
4.799946380536884
4.799949645962187
4.799952712523087
4.799955592330431
4.799958296757506
4.799960836484974
4.799963221543038
4.799965461351068
4.7999675647547875
4.79996954006122
4.799971395071491
4.799973137111635
4.799974773061535
4.799976309382085
4.799977752140716
4.799979107035345
4.7999803794168905
4.799981574310401
4.7999826964348955
4.799983750222008
4.799984739833487
4.799985669177627
4.7999865419247065
4.799987361521492
4.799988131204831
4.799988854014455
4.799989532804972
4.799990170257146
4.799990768888485
4.799991331063175
4.799991859001427
4.7999923547882375
4.799992820381632
4.79999325762039
4.799993668231306
4.799994053836016
4.7999944159574035
4.7999947560255976
4.799995075383638
4.799995375292774
4.799995656937444
4.799995921429954
4.799996169814868
4.799996403073141
4.799996622125985
4.799996827838513
4.799997021023145
4.799997202442835
4.799997372814065
4.799997532809687
4.7999976830615765
4.799997824163125
4.799997956671589
4.799998081110289
4.79999819797067
4.7999983077142545
4.799998410774457
4.799998507558293
4.799998598447992
4.799998683802507
4.799998763958932
4.799998839233833
4.79999890992449
4.799998976310089
4.799999038652803
4.799999097198846
4.799999152179435
4.799999203811705
4.799999252299571
4.799999297834525
4.7999993405964005
4.79999938075408
4.799999418466157
4.7999994538815685
4.79999948714018
4.799999518373344
4.799999547704406
4.799999575249206
4.799999601116529
4.799999625408532
4.799999648221153
4.799999669644485
4.799999689763137
4.799999708656561
4.799999726399374
4.799999743061651
4.799999758709195
4.799999773403805
4.799999787203511
4.799999800162816
4.799999812332899
4.799999823761826
4.799999834494731
4.799999844574
4.7999998540394415
4.799999862928438
4.799999871276096
4.799999879115379
4.799999886477252
4.799999893390787
4.799999899883286
4.799999905980393
4.799999911706184
4.799999917083277
4.799999922132905
4.79999992687501
4.799999931328323
4.799999935510428
4.799999939437843
4.799999943126078
4.7999999465897005
4.7999999498423875
4.799999952896986
4.806089955765557
4.811809077459433
4.817179904642153
4.8222236484494445
4.826960228258873
4.831408350357908
4.83558558182111
4.839508419888205
4.843192357117012
4.846651942568585
4.849900839266159
4.8529518781548475
4.855817108775216
4.858507846850806
4.861034718977592
4.863407704591857
4.865636175382214
4.867728932301436
4.857514240324278
4.847921623088528
4.838913196242434
4.84263338259127
4.846127009591459
4.849407874707339
4.852488935137661
4.855382358987775
4.858099573325418
4.830201309309899
4.804002049572922
4.779398324753927
4.786742966776412
4.79364032009973
4.8001176246056545
4.806200461267171
4.8119128531760005
4.817277360417581
4.822315169168149
4.827046175365808
4.831489063286028
4.83566137933191
4.839579601330595
4.843259203609559
4.846714718109737
4.849959791776854
4.853007240457643
4.855869099513772
4.858556671353384
4.861080570067962
4.863450763350823
4.865676611862757
4.867766906200313
4.869729901612715
4.8715733506045
4.873304533552684
4.874930287459325
4.876457032953052
4.8778907996462095
4.8792372499477565
4.880501701425938
4.8573291478090965
4.835567802707519
4.815131723522629
4.826390201560102
4.836963038285091
4.846891989253528
4.856216267107989
4.864972696441111
4.873195859227845
4.8809182314008694
4.888170311108556
4.894980739162044
4.901376412147076
4.9073825886473195
4.913022988998698
4.9183198889686786
4.9232942077304855
4.9279655904796975
4.932352486019482
4.936472219620896
4.940341061445984
4.943974290803922
4.947386256493964
4.950590433473479
4.953599476074945
4.956425267981981
4.9590789691618795
4.961571059939921
4.963911382389579
4.9661091792020535
4.968173130188646
4.970111386560156
4.971931603118641
4.973640968488713
4.97524623350775
4.976753737887126
4.9781694352498
4.9794989166430845
4.98074743261952
4.981919913972991
4.983020991212033
4.984055012847218
4.98502606256482
4.98593797535462
4.986794352655522
4.987598576578801
4.98835382326515
4.989063075428302
4.989729134134716
4.990354629865912
4.990942032907078
4.991493663103036
4.992011699020061
4.992498186549739
4.9929550469888575
4.993384084627234
4.993786993873435
4.994165365946543
4.994520695160396
5.000944384825129
5.006976871789277
5.01264198029731
5.017962083697203
5.0229581928000435
5.027650038858521
5.032056151492036
5.036193931866169
5.04007972141552
5.043728866381315
5.047155778418691
5.050373991512991
5.053396215429849
5.0562343859101695
5.058899711808241
5.061402719359119
5.06375329375015
5.065960718160763
5.068033710424771
5.069980457459902
5.071808647600594
5.073525500961718
5.0751377979531505
5.076651906057801
5.078073804978882
5.079409110255668
5.080663095441096
5.081840712928734
5.082946613511375
5.08398516474853
5.084960468215343
5.085876375701027
5.086736504420834
5.087544251301605
5.088302806397337
5.089015165487737
5.089684141909533
5.090312377667242
5.090902353867307
5.091456400516787
5.091976705725315
5.0924653243466445
5.092924186093931
5.09335510316081
5.093759777378317
5.094139806935978
5.094496692693575
5.094831844108537
5.095146584802325
5.095442157787865
5.095719730378583
5.0959803987985275
5.0901351925116955
5.084645959287734
5.079491020367108
5.086830017226752
5.093722069177645
5.100194395164724
5.106272556499192
5.111980557808391
5.11734094183786
5.122374878479935
5.127102248380506
5.131541721454134
5.135710830617576
5.139626041032965
5.1433028151340565
5.146755673692393
5.149998253164526
5.153043359546807
5.155903018950404
5.158588525096324
5.161110483917959
5.163478855447355
5.16570299315061
5.16975316750289
5.171595199601963
5.173325051946204
5.17494955628268
5.176475128305064
5.1779077929912845
5.179253208398116
5.180516688006669
5.181703221707064
5.182817495505102
5.18386391002884
5.184846597908084
5.185769440095481
5.186636081193665
5.187449943848971
5.182124242268568
5.17712287591441
5.172426092771222
5.174105343721454
5.1756823282888185
5.177163274496028
5.178554031079219
5.179860090586494
5.181086611069777
5.182238436455627
5.183320115675478
5.18433592063084
5.185289863064423
5.186185710403798
5.187027000640207
5.187817056301217
5.188558997572471
5.189255754620309
5.18991007916393
5.190524555342847
5.197191609922466
5.2034526408781865
5.209332375048703
5.214854033408237
5.220039422773674
5.224909021926756
5.229482062491414
5.2337766048856835
5.237809609648146
5.241597004420573
5.245153746851358
5.248493883668111
5.251630606152723
5.254576302238021
5.257342605431724
5.253850440760932
5.25057094891859
5.247491178129447
5.250688965381364
5.253692007389638
5.2565121641396075
5.259160573343504
5.261647694426884
5.263983349836288
5.2661767638312575
5.2682365989139335
5.2701709900400715
5.271987576746632
5.2736935333227635
5.275295597143405
5.27680009527737
5.278212969474978
5.279539799633952
5.280785825836244
5.281955969042816
5.2830548505281065
5.284086810130944
5.285055923393969
5.285966017659277
5.286820687183827
5.287623307334329
5.288377047917667
5.289084885699481
5.289749616160382
5.290373864536214
5.290960096185955
5.291510626328229
5.292027629184837
5.2925131465674795
5.292969095941519
5.293397277998679
5.293799383768558
5.294177001297051
5.294531621918061
5.29486464614325
5.295177389193125
5.295471086191263
5.295746897042214
5.296005911012344
5.302339151031692
5.308286696733859
5.313872036902765
5.319117229855387
5.324042990557192
5.328668772432259
5.333012844191131
5.337092361979892
5.3409234371353165
5.344521199813773
5.347899858745112
5.351072757347534
5.354052426425067
5.356850633655778
5.35947843006614
5.361946193675109
5.364263670480295
5.366440012948043
5.368483816159507
5.370403151755394
5.372205599813487
5.373898278784843
5.375487873606843
5.3769806621041845
5.378382539782038
5.379699043109312
5.356575371383954
5.334859931266671
5.314466961452528
5.313585923500067
5.312758540758914
5.3119815456266934
5.3112518694980295
5.310566630645599
5.31601312283928
5.321127923658366
5.325931233107571
5.330442021011319
5.334678101931729
5.338656205524085
5.342392042607667
5.3459003672128595
5.349195034849593
5.352289057227253
5.355194653642112
5.357923299235306
5.360485770311875
5.362892186899881
5.365152052717676
5.367274292707169
5.3692672882813
5.371138910424968
5.372896550780087
5.374547150837579
5.3760972293515685
5.371462908084055
5.367110816981736
5.363023768227549
5.365275620742491
5.367390335439271
5.36937626401102
5.371241249532748
5.372992657436203
5.374637404598339
5.376181986658299
5.377632503670807
5.378994684197252
5.380273907929638
5.381475226936722
5.3826033856162745
5.38366283943224
5.384657772510817
5.385592114164908
5.386469554412262
5.387293558548553
5.388067380832943
5.388794077340215
5.389476518030193
5.390117398082154
5.39071924853895
5.391284446302926
5.391815223523075
5.392313676410517
5.392781773517115
5.3932213635099195
5.393634182472162
5.394021860759608
5.394385929439345
5.394727826336489
5.395048901712595
5.395350423598298
5.39563358280116
5.395899497608568
5.396149218204204
5.396383730815568
5.3966039616089
5.396810780346918
5.397005003823789
5.397187399090921
5.397358686486282
5.397519542479266
5.397670602342277
5.39781246265963
5.3979456836836555
5.398070791547319
5.398188280342087
5.398298614069251
5.398402228472431
5.398499532758457
5.398590911213464
5.398676724720563
5.398757312185079
5.398832991873007
5.398904062667938
5.398970805251459
5.3990334832116424
5.399092344084053
5.399147620329334
5.399199530251277
5.399248278858973
5.39929405867646
5.399337050503064
5.399377424127426
5.399415338998065
5.399450944853083
5.3994843823115275
5.399515783428754
5.399545272217942
5.399572965139868
5.399598971562849
5.39962339419467
5.399646329488213
5.39966786802238
5.399688094859815
5.393617089882852
5.387915809108986
5.382561736334246
5.3836237265914875
5.384621041642063
5.385557620206061
5.386437161135511
5.387263138022359
5.388038812916797
5.3887672492101615
5.389451323733262
5.390093738117905
5.390697029466523
5.391263580372009
5.391795628327351
5.3922952745622155
5.3927644923413744
5.393205134757782
5.393618942051031
5.394007548480122
5.39437248877768
5.394715204211117
5.395037048274659
5.3953392920347305
5.395623129149815
5.395889680584588
5.396139999036986
5.3963750730956335
5.396595831144108
5.39680314502743
5.396997833495259
5.397180665435396
5.397352362910379
5.397513604009134
5.397665025524976
5.397807225470505
5.397940765439351
5.398066172824095
5.398183942899106
5.398294540776551
5.398398403243256
5.398495940485741
5.39858753771016
5.39867355666361
5.392664337062797
5.387021078935671
5.38172149522849
5.382834656169074
5.383880025608377
5.384861732048826
5.385783652567049
5.386649428125715
5.387462477952859
5.388226013045529
5.388943048851054
5.389616417176022
5.390248777370001
5.390842626828167
5.39140031085433
5.391924031923299
5.39241585837917
5.392877732603878
5.3933114786883
5.39371880963618
5.394101334129335
5.394460562880855
5.3947979146014085
5.39511472160218
5.395412235056607
5.395691629941659
5.39595400967821
5.396200410488806
5.396431805490035
5.396649108535691
5.396853177825864
5.397044819296269
5.397224789801125
5.397393800102236
5.397552517676008
5.397701569349536
5.397841543776149
5.397972993760181
5.398096438440184
5.398212365339177
5.398321232290019
5.398423469243557
5.398519479966623
5.398609643636654
5.398694316339181
5.398773832474124
5.3988485060764475
5.392828632056393
5.387175368364158
5.38186638843078
5.382970725375344
5.384007808199986
5.384981732680604
5.385896345160354
5.386755257740088
5.387561862543716
5.388319345114802
5.38903069699731
5.389698727550172
5.390326075042367
5.390915217072287
5.391468480352582
5.391988049899108
5.392475977660251
5.392934190620739
5.393364498411934
5.393768600458646
5.394148092690713
5.394504473845849
5.394839151388634
5.395153447069067
5.395448602142558
5.3957257822720734
5.395986082131703
5.3962305297298805
5.396460090469329
5.390585670959744
5.385069003598296
5.379888301279159
5.381113103731256
5.38226331571402
5.383343479787037
5.384357861868004
5.385310468080242
5.386205060574152
5.387045172385186
5.387834121386927
5.388575023394463
5.389270804469739
5.389924212477531
5.390537827937649
5.391114074216244
5.3916552270964715
5.392163423766295
5.392640671258928
5.393088854379258
5.393509743147561
5.393904999789875
5.394276185302669
5.394624765617735
5.394952117391615
5.395259533442463
5.395548227855816
5.3958193407793935
5.396073942925927
5.396313039801736
5.396537575677808
5.3967484373190295
5.3969464574862975
5.397132418225382
5.397307053955455
5.397471054369568
5.403715067158462
5.409578819568512
5.415085469456788
5.420256764366869
5.425113127416925
5.429673737957234
5.433956607315636
5.437978649930113
5.441755750149369
5.445302824965271
5.448633882924884
5.45176207945476
5.4546997688159635
5.457458552895069
5.460049327023757
5.462482323008011
5.464767149536822
5.466912830130028
5.468927838775109
5.470820133393705
5.472597187270026
5.474266018565281
5.475833218034655
5.477304975056345
5.478687102075412
5.47998505755902
5.456843967553674
5.435112169929653
5.439063838780935
5.442774850999175
5.446259862573324
5.449532636942607
5.452606099352803
5.455492387902215
5.452112901478969
5.448939225778897
5.445958826928962
5.449249934368986
5.452340613365912
5.455243070011928
5.4579687670482
5.460528469134964
5.462932285364644
5.465189709185935
5.467309655896511
5.469300497852412
5.4711700975332
5.472925838593426
5.474574655023087
5.45176305853218
5.43034068826757
5.4102229403520745
5.391330363284631
5.373588344160595
5.356926814001213
5.3717299710285396
5.385631615792899
5.3986866503911095
5.4109466333822915
5.422459983409308
5.433272170419681
5.44342589524112
5.452961258220935
5.461915917595277
5.470325238213725
5.4782224312065075
5.485638685146032
5.492603289220639
5.499143748907102
5.505285894598657
5.511053983617597
5.516470796015284
5.515467724537952
5.514525740113591
5.5136411225406725
5.518900378177946
5.523839345146907
5.528477529027459
5.508473247509688
5.489687226736347
5.472045274628105
5.455477717403252
5.439919124413393
5.425308049736618
5.435946789507657
5.445937630026641
5.455320028358017
5.464131038631013
5.4724054583783825
5.480175965963138
5.487473249635983
5.4943261287331495
5.5007616674933
5.500715281942956
5.500671721272628
5.500630813447124
5.506682396908193
5.5123654389364845
5.517702383705252
5.522714308537601
5.527421007147662
5.531841067812369
5.535991946782595
5.5398900372235325
5.543550733956618
5.54698849425866
5.550216894958307
5.528888686055346
5.508859365074574
5.490049829741533
5.472385795110274
5.4557975001880585
5.4402194324266056
5.456040068991825
5.470897228790221
5.484849587556898
5.491862247674682
5.498447836791293
5.504632363530703
5.516530252591682
5.527703560208849
5.538196413392129
5.548050251816548
5.5573039914809215
5.565994178399734
5.574155132935189
5.581819085339436
5.589016303042264
5.589685210186989
5.590313380886602
5.590903295990607
5.597547285264778
5.6037866555921525
5.60964604826659
5.615148603927153
5.620316053947988
5.600808806262556
5.582489549961167
5.565285936368532
5.573490022843689
5.58119448045251
5.588429736592953
5.595224365634444
5.601605201767306
5.607597444979678
5.613224760580415
5.6185093726610695
5.623472151866011
5.634222697817371
5.644318535520291
5.653799536707105
5.650523144921642
5.647446285395915
5.644556806615302
5.647933297092429
5.6511041592995
5.654081915998159
5.656878327313869
5.6595044371804555
5.6619706169561645
5.664286606383534
5.666461552054777
5.668504043534639
5.646062147283381
5.624986962513823
5.605195256496728
5.617058865376077
5.6281999804746725
5.638662601663764
5.64848804922244
5.657715127024794
5.666380275788981
5.6745177169934315
5.682159588028533
5.689336069117594
5.696075502508332
5.702404504405575
5.7083480700872755
5.71392967261896
5.719171355556462
5.724093820003073
5.728716506364883
5.733057671127263
5.737134458955612
5.740962970405214
5.744558325507533
5.747934723484121
5.751105498823939
5.75408317394556
5.732519508652274
5.712269070575349
5.693251884177307
5.699752844430911
5.7058578962050674
5.7115911503261785
5.716975249271314
5.722031456590692
5.726779740884318
5.731238854664461
5.7354264084153925
5.739358940142893
5.74914198068819
5.758329234064277
5.766956983709761
5.7689693034018354
5.770859072824663
5.77263375528964
5.774300359592502
5.775865467693318
5.777335260710792
5.7787155433335045
5.780011766744494
5.781229050149754
5.788462200995632
5.795254852954997
5.771183832410035
5.748578737016263
5.727350291931973
5.737864659153313
5.747738701410874
5.757011414494951
5.765719419352205
5.773897106713655
5.781576772914793
5.782698747444279
5.783752393724921
5.784741872947073
5.791761092884595
5.7983528423279225
5.804543154230149
5.810356476137532
5.815815766740755
5.820942586546241
5.825757183025573
5.830278570579313
5.834524605631032
5.838512057148101
5.84225667286778
5.845773241490132
5.849075651083382
5.8521769439324025
5.855089368046919
5.83346442553286
5.813156442017906
5.794085214699013
5.776175425123842
5.759356341733799
5.743561540522208
5.759178642704406
5.7738446633637075
5.787617523364858
5.788371616191938
5.789079784765846
5.789744825873605
5.802549365977903
5.814574109589849
5.825866546315826
5.836471273645191
5.846430173080197
5.855782575539614
5.864565416689249
5.872813382812872
5.880559047799569
5.887833001788575
5.89466397197965
5.901078936086087
5.907103228878444
5.912760642239746
5.887623519127345
5.864017246812487
5.841848596481604
5.851480016955875
5.8605248839232615
5.869018918492333
5.876995666356148
5.884486630275056
5.891521394491303
5.898127741566782
5.904331762105365
5.910157957793146
5.915629338163541
5.9207675114693785
5.9255927700208915
5.930124170326618
5.934379608353726
5.938375890204984
5.936038798491499
5.933844035663366
5.931782933891466
5.935937353217476
5.939838768406531
5.943502587410574
5.946943279837271
5.950174434095182
5.953208811058783
5.931698394465304
5.911497962242365
5.892527736341805
5.874712797198587
5.857982787849192
5.842271636069174
5.851877293432562
5.860897966262517
5.875459280117131
5.889133809957997
5.901975560931554
5.914035249270821
5.925360502590227
5.935996047982481
5.945983888660347
5.955363469840933
5.964171834527619
5.972443769804887
5.980211944223768
5.9875070368205385
5.994357858278168
6.000791464709026
6.006833264508245
6.012507118699691
6.017835435170879
6.02283925716897
6.0214483464073805
6.020142142111171
6.018915485656601
5.993403532580114
5.969445257445983
5.946946041267523
5.956267027354329
5.965020365388451
5.973240625136295
5.980960271065495
5.988209790557605
5.9950178143126465
6.001411229421004
6.007415285549264
6.0130536946593125
6.018348724654558
6.023321287323094
6.027991020925116
6.032376367750775
6.0364946469547505
6.040362122955205
6.043994069667232
6.047404830824496
6.050607876627282
6.053615856940679
6.05644065125299
6.059093415591681
6.061584626582146
6.063924122823291
6.0417611437433525
6.020947890089381
6.001402163582936
5.983046771820735
5.965809223416851
5.9496214417107645
5.9344194959105785
5.920143348609624
5.906736618679297
5.894146358601727
5.882322845362882
5.871219384080284
5.8912421235897945
5.910045478263175
5.9277037086369475
5.944286552780959
5.959859501716597
5.974484058062057
5.988217978926077
6.001115504009478
6.0132275698152995
5.994152010813547
5.976238153355002
5.959415249815681
5.943616861101905
5.9287805942608
5.914847856070317
5.932213621635633
5.948521812078024
5.963836833722471
5.947769170548771
5.93268002806235
5.918509814353353
5.905202566659234
5.892705730349686
5.911419951371389
5.928994476332871
5.9454987127241985
5.930547841119296
5.916507477595129
5.9033221722095846
5.89093985192202
5.879311614939969
5.868391537590124
5.858136492950887
5.848505980530177
5.839461966315888
5.83096873256725
5.822992736753903
5.815502479085591
5.8084683781092785
5.801862653882424
5.795659218260983
5.820283571868888
5.843408302342073
5.865124736729442
5.885518640262617
5.9046705550706235
5.922656118266822
5.909096360664371
5.89636239229991
5.884403922608843
5.903623723721964
5.938623150875408
5.954541000987096
5.969489454026981
5.959167546276738
5.949474242708483
5.940371261327535
5.950092651512687
5.959222009035564
5.967795388685296
5.9514866495143615
5.936171112558938
5.9217882918040985
5.938731384833229
5.954642643496886
5.969584906507926
5.977527185701593
5.984985780092366
5.9919901460847385
6.004657946188177
6.016554277265316
6.027726121779857
6.038217600963462
6.048070149064786
6.05732267698674
6.035561725958246
6.015126016847388
5.995934842421381
6.008362410517918
6.020033139717375
6.030993121508587
6.010835640408713
5.991905749907822
5.974128689738436
5.957434252533364
5.941756506554082
5.92703353530494
5.943657193004867
5.959268469950871
5.973929020130864
5.9572467428048945
5.941580416168076
5.9268681688234395
5.913051897342093
5.9000770367939595
5.887892345253206
5.900809701427285
5.912940390610363
5.924332320822192
5.910670482484122
5.897840650100839
5.885792154509698
5.8988374123000575
5.911088213890984
5.9286829416650235
5.945206150517624
5.960723095951099
5.944845059407676
5.929933995289748
5.9159310149766
5.933230816164524
5.949477059460104
5.964733906538985
5.94861161163076
5.933471164482448
5.919252770565468
5.905900276838029
5.893360949978593
5.881585268124898
5.8705267252960915
5.860141647725559
5.850389021379073
5.841230329977087
5.832629402881484
5.824552272246002
5.8169670388662205
5.809843746199267
5.803154262055731
5.796872167496538
5.790972652495999
5.785432417958994
5.810679583705291
5.834389197057639
5.856654894956829
5.847114611853957
5.838155331992052
5.829741672273737
5.852290404432267
5.873465918802342
5.893351844347279
5.88157671702653
5.870518694959614
5.860134106436572
5.880831939354586
5.90026927424789
5.918522875446193
5.935664832331518
5.9517628440425305
5.966880486840342
5.981077465191763
5.994409847561585
6.006930287845083
6.018688233315316
6.029730119906413
6.040099555604112
6.04983749266782
6.058982389364349
6.061480361852059
6.063826207815268
6.066029191759316
6.074188013981173
6.081849963929718
6.089045301126397
6.089712442287798
6.09033895455247
6.090927312220224
6.097569838906011
6.103807835716633
6.1096659385214895
6.11516728286553
6.120333595339018
6.125185279382871
6.129741495868453
6.134020238770063
6.138038406228965
6.13572186728962
6.13354640557168
6.131503429472364
6.135674870617496
6.139592270996889
6.143271101693177
6.146725891600061
6.149970284801617
6.153017094457198
6.155878353404754
6.1585653616824025
6.161088731155942
6.163458427428544
6.1656838091981445
6.167773665217977
6.169736249006201
6.171579311441722
6.173310131374921
6.174935544374186
6.176461969721798
6.177895435765739
6.179241603727604
6.180505790060591
6.151242987445901
6.123762289510445
6.097955166079258
6.09807969646503
6.098196642950308
6.098306467394632
6.104499603530298
6.110315577675301
6.115777358994874
6.120906517832086
6.125723310896111
6.130246761262537
6.134494733501647
6.138484004231396
6.142230328373703
6.145748501375744
6.149052417641959
6.152155125407564
6.155068878270242
6.157805183583584
6.160374847903343
6.162788019666028
6.165054229268366
6.167182426705921
6.138731016919529
6.1120122979891285
6.086920749041589
6.093807275424956
6.100274412351576
6.106347700639363
6.075511125670424
6.046552498117094
6.019357450981762
6.030358582216971
6.040689744559957
6.050391739116256
6.053412882204075
6.056250037677845
6.0675065227909215
6.075575375552953
6.083152835181776
6.090268827519205
6.096951455923284
6.072777112257555
6.050074986121068
6.028755419466293
6.0087342144207945
5.989932300762568
5.972275423646128
5.95569385034608
5.940122094860005
5.925498659283029
5.917855790932691
5.91067837326489
5.903938060333058
5.921968232458774
5.938900367102033
5.954801334745518
5.969733933459516
5.98375713691183
5.996926327273901
6.00929351394292
6.020907538943796
6.031814269822117
6.017696780789949
6.00443904683984
5.991988708887291
6.004656596516055
6.016553009788225
6.027724931492122
6.0138564831642505
6.000832623339546
5.988601916578169
5.9771160598585595
5.966329691813172
5.956200213581749
5.946687620574622
5.937754344481625
5.929365104902693
5.92148677001412
5.91408822572026
5.907140252773896
5.931065411379965
5.953533527826924
5.974633335982261
5.963998165820939
5.954010677522444
5.944631427261328
5.96627337334111
5.986597324904636
5.975233547817943
5.96456182475583
5.954540009628197
5.945128523041838
5.93629019598859
5.927990123052886
5.920195524558963
5.912875617113322
5.90600149203112
5.899546001166424
5.893483649695391
5.887790495428941
5.88244405425732
5.877423211353047
5.872708137781647
5.892640212190745
5.911358423268329
5.928936695291288
5.951534450548046
5.972756002509669
5.992685161956828
6.011400635593656
6.028976336886002
6.045481677969644
6.060981843781292
6.075538049495011
6.089207782280765
6.102045028339866
6.114100486113967
6.125421766509627
6.129963580929189
6.1342287988506
6.1443242650005985
6.153804917262061
6.1627081978008
6.146709268554732
6.131684674099748
6.117575077447073
6.104324755230547
6.091881377637005
6.0801958017389115
6.093581877413012
6.106152741078558
6.117958039146874
6.135134394562829
6.151264709933953
6.1664126890989746
6.180638156332847
6.193997292612176
6.206542857492094
6.218324397470825
6.229388441664852
6.239778685567462
6.249536163616403
6.258699411252163
6.267304617106905
6.269295765925094
6.271165653780255
6.272921665465036
6.274570736038214
6.276119378213487
6.2775737080802845
6.260669469258195
6.244794698580371
6.229886701436827
6.215886601319324
6.202739107298978
6.208662295664469
6.214224761858503
6.21944847386132
6.230444061803166
6.240770018439353
6.250467124316396
6.259573676445527
6.268125639549995
6.2761567881013995
6.283698839706023
6.290781580367925
6.297432982123519
6.3036793135121965
6.309545243319304
6.315053938001158
6.320227153176887
6.325085319548414
6.329647623587915
6.33393208331141
6.337955619437745
6.341734122213985
6.320922514171153
6.30137833305813
6.283024392574889
6.265788207067079
6.249601705256694
6.234400961406562
6.214035942856903
6.194911153936918
6.213491064662158
6.230939458824231
6.247325245781834
6.256623138313721
6.265354789190415
6.273554682528719
6.28125520236272
6.288486760538831
6.295277916822016
6.307745491687555
6.319453791243781
6.3304490553570325
6.340774707885789
6.350471528175543
6.359577812109652
6.368129523352174
6.376160435380026
6.383702264865381
6.366424796935078
6.350199526801731
6.334962375619504
6.320653166944275
6.307215389077367
6.294595971882554
6.282745077194905
6.271615901993734
6.261164493562314
6.251349575904367
6.2421323867317895
6.233476524379823
6.249707804045091
6.264950598778743
6.279265107313115
6.292707862277744
6.3053319534650285
6.317187237499006
6.328320534735315
6.338775814169935
6.348594367086985
6.357814970131386
6.366474038450384
6.374605769508754
6.382242278145672
6.389413723406598
6.3717884276511345
6.3552365124071795
6.339692608801581
6.325095328925563
6.311387023393996
6.2985135536693
6.286424078250839
6.275070851885362
6.264409037005542
6.284846526651904
6.304039373178801
6.3220633753522115
6.338989715793261
6.3548852421014494
6.36981273085747
6.383831135548249
6.396995819393359
6.409358773992302
6.420968824656169
6.431871823234607
6.442110829199619
6.4517262797013615
6.460756149267548
6.469236099777152
6.477199621300722
6.4846781643635065
6.491701264153768
6.473936657166803
6.457253914745344
6.441587151337352
6.420784493820905
6.40124871814721
6.382902671212044
6.37176389853523
6.361303477114433
6.351480095358163
6.34225495755085
6.333591630636002
6.325455900330269
6.342175636000155
6.357877139767744
6.372622421955887
6.380379716458773
6.387664591726434
6.394505818090295
6.407020413768594
6.418772870570086
6.429809602752366
6.440174197944746
6.449907589289909
6.459048217102152
6.46763218068063
6.475693380877178
6.458903653981757
6.443136421454268
6.4283294133877025
6.414424152112391
6.4013657212487445
6.389102548824695
6.37758620360127
6.366771203801951
6.356614837490412
6.353166993887244
6.349929123959511
6.3468884403103765
6.368392934295473
6.388587804596877
6.407552807296927
6.425362841332543
6.442088244295391
6.4577950702178
6.472545350441536
6.4863973385996445
6.499405740678926
6.5055319310715785
6.511285036469317
6.516687777748334
6.503491492083461
6.491098860215578
6.479460939628449
6.468531768405077
6.458268183709206
6.4486296513213155
6.439578105555846
6.431077798927495
6.42309516097281
6.415598665669565
6.408558706930288
6.426307481678233
6.442975356044027
6.458628156860945
6.4733277021081115
6.4871320450497265
6.500095703506197
6.506179875162669
6.511893520765261
6.517259205350655
6.522298119744798
6.527030164252338
6.531474027249368
6.5417372589898815
6.551375459917397
6.5604266944084255
6.568926708718951
6.5769090721579655
6.584405309663545
6.567085026305035
6.550819548203059
6.535544637717491
6.521199969280495
6.507728891151313
6.495078201680197
6.483197939197872
6.472041184700721
6.461563876552447
6.482174636470402
6.501530201109354
6.519707011861794
6.53677685483941
6.552807144379688
6.561771189286965
6.570189323859388
6.5780947940363514
6.585518821079537
6.598580724875793
6.6108471587308575
6.622366566764148
6.633184442848211
6.643343510278754
6.652883890502778
6.661843261571159
6.670257006941474
6.678158355218738
6.661218511385917
6.645310304042514
6.630370906526325
6.616341318318872
6.603166132033252
6.5907933145924265
6.5791740017337474
6.568262305028162
6.582375130651947
6.595628485195244
6.608074710446854
6.6197629605806405
6.630739396281278
6.641047367047747
6.6507275823945395
6.659818272626712
6.668355339823744
6.676372499628478
6.683901414401102
6.6909718182640745
6.697611634531793
6.703847085988805
6.709702798452087
6.715201898026354
6.720366102436548
6.725215806798163
6.7297701641641545
6.734047161166558
6.738063689051513
6.741835610388275
6.745377821715628
6.748704312373146
6.751828219749621
6.754761881166868
6.757516882603804
6.760104104453232
6.76253376449203
6.764815458234464
6.766958196827984
6.768970442641159
6.770860142684311
6.772634759994837
6.774301303111152
6.769776353751682
6.765526973808203
6.761536381103284
6.763878815494094
6.766078595630503
6.768144409156605
6.770084414638967
6.7719062737874545
6.773617181713798
6.7691338953474265
6.764923641120767
6.76096979137651
6.763346731081681
6.765578915158805
6.767675159225634
6.7696437420287925
6.771492438139239
6.773228548656558
6.774858930043374
6.776390021203731
6.777827868912423
6.779178151695657
6.780446202257391
6.781637028539915
6.782755333501834
6.783805533691572
6.7847917766897545
6.779627957489348
6.774778614878246
6.77631459723216
6.77775703826072
6.779111634630642
6.780383736081635
6.781578366554264
6.782700244031108
6.783753799169613
6.784743192800184
6.7856723323586525
6.78654488731801
6.787364303680343
6.7881338175862105
6.78885646809521
6.789535109188211
6.790172421038649
6.790770920597396
6.791332971533015
6.791860793566654
6.792356471238444
6.792821962140023
6.793259104645696
6.793669625172772
6.794055144999749
6.794417186669264
6.794757180001106
6.7950764677390385
6.795376310853731
6.795657893522739
6.795922327807203
6.796170658043744
6.79640386496888
6.796622869592275
6.796828536834104
6.797021678940906
6.797203058693404
6.797373392418974
6.797533352820658
6.797683571633879
6.797824642121375
6.797957121416182
6.798081532721936
6.79819836737917
6.798308086805777
6.798411124319305
6.792417886848257
6.786789637539197
6.78150414861306
6.782630545962524
6.783688345713406
6.784681725459459
6.785614608378976
6.786490678728697
6.787313396394119
6.788086010553716
6.788811572510994
6.7894929477450745
6.790132827227399
6.79073373804925
6.79129805340205
6.791828001949865
6.792325676631117
6.792793042924282
6.793231946610193
6.793644121061632
6.794031194088978
6.794394694368959
6.79473605748189
6.795056631581243
6.789267682717945
6.78383128084042
6.778725955837238
6.7800215451267505
6.781238233028532
6.782380824637093
6.7834538324166935
6.784461494022516
6.785407789036544
6.7862964546842175
6.7871310005939485
6.781824722657776
6.776841597047916
6.772161943787697
6.773857281411026
6.775449372973094
6.776944506159031
6.778348585733946
6.7796671568627485
6.780905427009806
6.782068286504908
6.783160327856757
6.784185863890281
6.785148944779362
6.786053374042298
6.786902723563122
6.787700347698127
6.78844939652331
6.789152828275039
6.789813421033088
6.790433783692173
6.791016366265319
6.79156346955976
6.792077254263569
6.792559749478917
6.793012860735651
6.79343837751685
6.793837980326073
6.788123247324213
6.7827565415621685
6.7838066681810325
6.784792842088807
6.785718958005598
6.786588673463056
6.7874054232491545
6.78817243297328
6.788892731805207
6.789569164438269
6.790204402323978
6.790800954222448
6.7913611761103
6.791887280485183
6.792381345103635
6.792845321186823
6.793281041126544
6.793690225721937
6.79407449097547
6.794435354475064
6.7947742413875325
6.795092490087031
6.79539135744073
6.789582023772589
6.784126478524836
6.779003175982673
6.7814827159170985
6.782610418517747
6.783669444030016
6.784663974888588
6.785597938817872
6.786475024343863
6.787298695361322
6.788072204813817
6.788798607540656
6.789480772341429
6.790121393305835
6.790723000453509
6.791287969725889
6.791818532369582
6.792316783748275
6.792784691618005
6.793224103898467
6.79363675597105
6.794024277532413
6.788298199030688
6.7829208387097175
6.7778709596322955
6.773128618190688
6.768675085342874
6.764492772645491
6.742295162791381
6.721449387377385
6.701873119686102
6.707849046697218
6.713461039753357
6.718731262432376
6.7236805285502435
6.728328384361532
6.732693185753915
6.712432170741501
6.693405051543342
6.675536683904353
6.683116499854577
6.690234705013433
6.696919411478115
6.703197019319097
6.709092320842563
6.71462859850325
6.719827716854402
6.724710208897969
6.729295357176083
6.733601269924058
6.737644952585683
6.741442374973214
6.7450085343373445
6.748357514596199
6.75150254195729
6.7544560371520905
6.757229664489527
6.759834377922115
6.744010464306658
6.729150227030381
6.715194978204231
6.726449604031593
6.7370188231460695
6.746944376816474
6.725815464268351
6.705973302494408
6.717789528372499
6.728886146094615
6.739306979797453
6.749093184727787
6.7582834097778655
6.766913950122394
6.75065889055994
6.73539376412484
6.721058283889636
6.7319558344007575
6.742189724085751
6.7518003698889295
6.760825727362693
6.769301440566306
6.777260982835818
6.754285788981116
6.732709784432165
6.712447758560247
6.699509690063927
6.687359549939032
6.675949353347743
6.665234037728865
6.655171284831177
6.645721353584957
6.636846923151634
6.6285129455317
6.620686507148818
6.613336698863453
6.606434493902668
6.599952633223996
6.5877755178606545
6.576339988822941
6.565600883503624
6.555515789698253
6.546044878105629
6.537150745028995
6.534888264656729
6.532763569339135
6.53076826796638
6.522804480447228
6.515325687587991
6.514392353213882
6.513515858903155
6.5126927430959505
6.511919755041408
6.511193841959386
6.510512136984058
6.485511947841728
6.462034270218165
6.439986383161878
6.449731212427318
6.458882581590494
6.467476632371632
6.475547305460198
6.48312647455767
6.490244072257106
6.496928208256646
6.503205280373814
6.509100078799047
6.5146358840001835
6.519834558664572
6.524716634041898
6.529301391028746
6.533606936315094
6.537650273893503
6.541447372213387
6.54501322724559
6.5483619217063325
6.551506680674416
6.554459923821343
6.557233314460621
6.559837805609968
6.562283683248319
6.564580606938495
6.566737647975939
6.568763325214203
6.570665638708656
6.572452101311297
6.574129768341438
6.575705265449443
6.577184814783571
6.578574259563251
6.579879087155847
6.581104450748054
6.582255189697497
6.583335848644918
6.58435069546244
6.585303738108776
6.5861987404579505
6.58703923716406
6.5878285476207665
6.588569789070661
6.589265888916257
6.589919596281256
6.590533492867726
6.59111000315208
6.5916514039601175
6.592159833458945
6.592637299601295
6.5930856880555755
6.59350676965299
6.593902207381122
6.59427356295161
6.600712302967857
6.606758923717113
6.612437305262739
6.617769873372238
6.622777688083868
6.627480526879559
6.631896962792593
6.636044437758523
6.639939331499027
6.6435970262107364
6.647031967314502
6.6502577205050475
6.653287025326289
6.656131845483918
6.652713416093945
6.649503169053823
6.646488426058443
6.649747280911484
6.6528076715039735
6.65568168430938
6.658380669734939
6.6609152869480805
6.663295545972941
6.665530847223188
6.667630018627294
6.669601350492892
6.671452628247874
6.673191163187576
6.674823821349452
6.670267050629269
6.665987787245944
6.661969131002666
6.664285210924602
6.666460241579292
6.668502812867112
6.670420991563505
6.672222353177286
6.6739140118687885
6.675502648545978
6.676994537249527
6.6783955699310305
6.67362127972223
6.669137743787145
6.664927255190506
6.660973185349402
6.657259918361621
6.659862789333397
6.662307145462993
6.664602640304295
6.660668339509762
6.656973637633616
6.653503943101727
6.662425552966832
6.670803836791151
6.678671883130569
6.7104207654479175
6.740236140832138
6.768235759855461
6.770170202080262
6.771986836773573
6.773692838414062
6.775294944554645
6.776799482431267
6.778212393951202
6.779539259159574
6.780785318276754
6.781955492393699
6.783054402906922
6.7840863897698895
6.785055528632903
6.785965646939159
6.786820339040563
6.787622980392992
6.788376740887058
6.789084597367035
6.789749345387381
6.790373610253289
6.790959857388863
6.78542040207388
6.780218299587579
6.775333005142695
6.807285225129505
6.837291554919117
6.865470499224543
6.8919333458217675
6.916784605061222
6.940122422612994
6.962038967075863
6.982620793980942
7.001949187627503
6.989650482100988
6.9781007677410365
6.967254430985607
6.957068636138583
6.947503156197742
6.938520213985299
6.930084332953594
6.9221621970767195
6.914722519274747
6.907735917850914
6.901174800453793
6.895013255106157
6.883136947870192
6.871983907744896
6.8615100877632305
6.857764123418448
6.854246288302264
6.857032689344656
6.859649398563567
6.862106750191046
6.88877444910441
6.913818085153951
6.937336563768074
6.935062767034598
6.932927444522191
6.93092216315079
6.929039003414907
6.9272705281069396
6.925609752945228
6.924050118990863
6.922585466744319
6.921210011819591
6.919918322099777
6.9187052962839
6.91756614374021
6.916496365586431
6.915491736922217
6.914548290143653
6.913662299273904
6.9128302652481235
6.912048902094513
6.911315123956957
6.910626032907977
6.909978907503881
6.939821192036895
6.967846081441849
6.99416425508204
7.0127896519475446
7.0302807621439385
7.046706663729372
7.037772227908253
7.029381899228641
7.021502541565617
7.01410303678427
7.007154161844108
7.000628473387801
6.994500199358484
6.988745137217553
6.983340558361004
6.978265118356818
6.973498772648888
6.969022697394571
6.964819215123242
6.960871724922237
6.957164636874472
6.953683310488817
6.950413996880048
6.947343784470053
6.944460547995828
6.941752900622882
6.9453001489749475
6.9486313699023725
6.951759719475316
6.954697552559267
6.957456471608406
6.960047372487452
6.986840487502967
7.0120019018140365
7.035630985993562
7.033461058946552
7.031423280456705
7.029509602676891
7.027712467873867
7.0260247785803465
7.024439869564802
7.022951481508304
7.021553736284448
7.0202411137447225
7.019008429917667
7.017850816535679
7.016763701808655
7.015742792368506
7.014784056313262
7.013883707283783
7.013038189510199
7.012244163769028
7.041948494195493
7.069843830898986
7.096040341597236
7.120641484793962
7.143744418370009
7.1654403832912745
7.161455063948834
7.1577124505543495
7.154197762315588
7.150897118590567
7.1477974840684
7.144886617288634
7.129973022295756
7.115967665237944
7.102815234424954
7.102643786648473
7.10248278004158
7.102331578737047
7.10218958559196
7.102056239829409
7.101931014823796
7.101813416021026
7.101702978985344
7.101599267565135
7.101501872170417
7.101410408155237
7.101324514298582
7.125603851377797
7.148404576828888
7.169816738100007
7.189924898749714
7.208808472415855
7.2265420364457285
7.218835626426182
7.211598536776826
7.204802185887116
7.19841973276659
7.192425971041104
7.1867972294047
7.1754212781339515
7.164738122295592
7.160795570647789
7.157093120395338
7.153616149363261
7.150350925867038
7.147284554481734
7.144404925113795
7.141700665174364
7.139161094665244
7.15889651439452
7.179669716667892
7.199177830922816
7.217497901019614
7.234702278847518
7.250858910065702
7.2721216024427004
7.292089396853939
7.3108411525855335
7.328450926393073
7.344988264975733
7.36051847963871
7.3751029042287115
7.3887991373611825
7.401661269895886
7.4137400985592254
7.425083326556967
7.435735751969647
7.445739444674695
7.455133912494006
7.463956257223119
7.472241321158229
7.480021824699692
7.487328495575481
7.494190190194933
7.50063400761206
7.506685396548484
7.51236825589868
7.517705029114449
7.522716792841377
7.515243340157337
7.5082250207417545
7.51381411697858
7.519062837254584
7.523991910465778
7.528620803118411
7.532967796208499
7.5370500574194015
7.540883708922559
7.544483891049174
7.547864822084279
7.551039854419345
7.554021527285206
7.556821616273536
7.559451179842476
7.561920602990069
7.564239638267972
7.566417444297452
7.5684626219397355
7.570383248263605
7.572186908444349
7.5738807257200875
7.575471389523733
7.5708751819017355
7.566558883323918
7.562505447329489
7.564788865587122
7.566933223672866
7.568946990351186
7.5708381186387985
7.572614077213695
7.57428187991138
7.575848113424776
7.577318963317206
7.578700238451187
7.573907393929508
7.5694064336392
7.571269581830572
7.5730192642970895
7.574662391101395
7.576205451483318
7.577654539487982
7.579015378033162
7.5802933415109415
7.581493477012923
7.582620524262836
7.583678934335229
7.584672887234213
7.585606308401648
7.586482884219986
7.587306076570988
7.5880791365078135
7.588805117094486
7.589486885463431
7.590127134138708
7.590728391669659
7.591293032616976
7.591823286930602
7.592321248756527
7.592788884707254
7.593228041628581
7.5936404538934
7.594027750251291
7.5943914602609865
7.594733020331091
7.595053779392927
7.595355004227898
7.595637884470417
7.595903537306167
7.596153011884221
7.59638729346047
7.596607307288727
7.596813922274842
7.597007954408303
7.597190169984836
7.597361288632758
7.597521986155021
7.59767289719818
7.597814617758809
7.597947707537296
7.598072692148273
7.598190065196443
7.598300290225978
7.598403802551216
7.592411010975846
7.586783180407416
7.581498084720602
7.582624851361116
7.583682997913224
7.584676703340307
7.585609892106881
7.58648624967757
7.587309237072205
7.588082104534507
7.588807904368355
7.589489502992322
7.590129592260089
7.590730700091449
7.591295200455878
7.5918253227481145
7.592323160592754
7.592790680112653
7.593229727693792
7.59364203727724
7.594029237207055
7.594392856661145
7.59473433169048
7.59505501089053
7.595356160727295
7.595638970539001
7.595904557233174
7.583973969697674
7.572769954943086
7.57442826468705
7.575985583367608
7.577448061340519
7.578821474404879
7.580111246613621
7.58132247169485
7.582459933168632
7.583528123238661
7.584531260533426
7.585473306766939
7.586357982384831
7.587188781257593
7.587968984479005
7.588701673324232
7.589389741418785
7.577855906166381
7.567024481480848
7.556852690558664
7.55948036170364
7.561948007675888
7.564265374008425
7.56644161273131
7.568485318515972
7.570404562618348
7.56002692475489
7.550281285037316
7.5411291547785435
7.54471438925253
7.548081282947049
7.551243132815573
7.554212426027103
7.557000889282051
7.559619535124773
7.562078705435672
7.564388112274639
7.566556876237112
7.56859356247427
7.570506214519586
7.572302386055343
7.5739891707445715
7.575573230246226
7.577060820524229
7.5784578165543035
7.5797697355261455
7.581001758632603
7.5821587515318765
7.583245283563585
7.584265645794561
7.585223867965672
7.586123734406561
7.574788798981201
7.564144161123245
7.554147781710839
7.556940181804647
7.559562524732742
7.562025166976516
7.564337834307645
7.566509660198308
7.56854922189223
7.564374574278991
7.560454162705399
7.556772504196639
7.559405058691063
7.561877290616776
7.564198963618214
7.566379246733863
7.56842675060777
7.570349561495757
7.572155273200664
7.5738510170627436
7.575443490123622
7.576938981575092
7.578343397597168
7.579662284683499
7.580900851546273
7.582063989687104
7.583156292715158
7.584182074488803
7.585145386152433
7.5860500321357485
7.58689958517868
7.5876974004412965
7.58844662875442
7.589150229063275
7.58981098011332
7.590431491424418
7.5910142135966705
7.5915614479886315
7.592075355806124
7.59255796663753
7.593011186469303
7.5934368052133205
7.593836503775828
7.594211860695879
7.594564358379499
7.5948953889541855
7.595206259766874
7.5954981985470695
7.595772358255552
7.596029821637787
7.590181605500044
7.584689545725091
7.579531952390431
7.556418456489853
7.534712572489621
7.514328576825003
7.49518596649636
7.477209141136731
7.460327104441504
7.444473183781016
7.429584766888752
7.415603054585226
7.396382828560984
7.378333114301618
7.3613826276406495
7.3515544256173335
7.342324761097236
7.333657183146414