
0.97
-0.99
-3.89
-6.07
-7.89
-9.49
-11.1
-13.07
-15.29
-18.55
-23.2
-27.91
-33.01
-39.45
-44.96
-49.98
-55.41
-62.01
-70.59
-76.62
-82.72
-88.46
-94.35
-98.94
-103.14
-107.38
-111.61
-115.7
-120.66
-124.02
-127.06
-130.82
-134.89
-139.19
-143.68
-147.41
-151.35
-155.5
-159.89
-163.42
-167.92
-172.3
-176.94
-181.75
-185.76
-189.91
-4.02000000000001
-7.740000000000009
-10.860000000000014
-14.879999999999995
-19.789999999999992
-26.099999999999994
-32.71000000000001
-38.599999999999994
-44.47
-50.78
-56.610000000000014
-61.68000000000001
-65.68
-68.69999999999999
-70.94999999999999
-73.70999999999998
-76.85000000000002
-80.33999999999997
-84.52999999999997
-89.22000000000003
-93.74000000000001
-98.47000000000003
-102.30000000000001
-105.70999999999998
-109.02999999999997
-112.41000000000003
-116.57
-120.08999999999997
-123.51999999999998
-127.18
-131.89999999999998
-137.73000000000002
-143.95
-149.64
-154.94
-160.10000000000002
-165.91000000000003
-171.48000000000002
-176.44
-180.3
-183.76999999999998
-187.55
-1.170000000000016
-5.029999999999973
-9.019999999999982
-13.480000000000018
-19.060000000000002
-25.25
-32.06
-38.25999999999999
-43.620000000000005
-48.89999999999998
-53.25
-56.74000000000001
-59.839999999999975
-62.76999999999998
-66.32
-70.23000000000002
-74.69
-79.29000000000002
-83.63999999999999
-88.11000000000001
-93.07
-98.10000000000002
-103.41000000000003
-107.99000000000001
-111.58999999999997
-114.69
-117.56
-121.20999999999998
-126
-131.35000000000002
-137.35000000000002
-143.73000000000002
-149.64999999999998
-154.96000000000004
-159.84000000000003
-165.19000000000005
-171.42999999999995
-178.17999999999995
-183.60000000000002
-188.39999999999998
-3.1100000000000136
-7.92999999999995
-13.490000000000009
-19.07000000000005
-24.5
-30.33000000000004
-36.07000000000005
-42.120000000000005
-48.09000000000003
-52.75999999999999
-57
-60.49000000000001
-63.82000000000005
-66.99000000000001
-69.46000000000004
-72.47000000000003
-76.44000000000005
-80.36000000000001
-84.51999999999998
-89.05999999999995
-93.35000000000002
-97.63999999999999
-102.05999999999995
-106.25
-108.01999999999998
-109.88999999999999
-113.04999999999995
-116.92999999999995
-121.48000000000002
-126.19000000000005
-131.49
-137.27999999999997
-143.41999999999996
-149.32000000000005
-155.71000000000004
-162.24
-167.96000000000004
-173.75
-179.19000000000005
-183.71000000000004
-187.72000000000003
-1.7100000000000364
-6.17999999999995
-10.730000000000018
-15.879999999999995
-21.460000000000036
-27.940000000000055
-33.64999999999998
-37.75999999999999
-41.710000000000036
-45.52999999999997
-49.110000000000014
-52.77999999999997
-56.02999999999997
-59.26999999999998
-61.91999999999996
-64.30999999999995
-66.94000000000005
-69.59000000000003
-72.66999999999996
-76.67999999999995
-81
-85.09000000000003
-89.35000000000002
-93.82000000000005
-97.45000000000005
-100.90999999999997
-104.20000000000005
-107.89999999999998
-111.60000000000002
-114.48000000000002
-117.46000000000004
-121.04999999999995
-124.69000000000005
-128.99
-134.21000000000004
-139
-143.22000000000003
-147.16999999999996
-150.99
-154.39999999999998
-157.28999999999996
-160
-162.57000000000005
-165.42999999999995
-168.94000000000005
-172.59000000000003
-176.26999999999998
-180.27999999999997
-185.20000000000005
-0.029999999999972715
-4.240000000000009
-8.100000000000023
-11.279999999999973
-14.110000000000014
-16.870000000000005
-20
-23.25999999999999
-26.190000000000055
-28.629999999999995
-30.980000000000018
-33.32000000000005
-35.75
-38.25999999999999
-41.26999999999998
-43.950000000000045
-45.299999999999955
-47.27999999999997
-49.42999999999995
-51.83000000000004
-54.190000000000055
-56.799999999999955
-60.35000000000002
-63.72000000000003
-66.88999999999999
-70.65999999999997
-74.5
-78.3599999999999
-82.02999999999997
-85.61999999999989
-88.78999999999996
-91.51999999999998
-94.26999999999998
-97.45000000000005
-101.07999999999993
-104.69000000000005
-108.07999999999993
-111.81999999999994
-114.19000000000005
-115.61999999999989
-118.28999999999996
-121.8900000000001
-124.81999999999994
-127.75999999999999
-130.5
-133.06999999999994
-135.6400000000001
-137.67000000000007
-140.0999999999999
-142.48000000000002
-144.72000000000003
-146.93000000000006
-149.3499999999999
-151.81999999999994
-153.96000000000004
-155.76
-157.03999999999996
-158.16000000000008
-160.31999999999994
-163.53999999999996
-168.30999999999995
-172.46000000000004
-175.6199999999999
-178.45000000000005
-181.52999999999997
-184.3800000000001
-187.74
-1
-3.7999999999999545
-6.430000000000064