
21.560907253171447
21.526748001453306
21.494669048164802
21.58634370313157
21.550635371610856
21.517101677479754
21.54651018532124
21.51322771503518
21.481972147189538
21.513520043425697
21.543146672781074
21.57096904040871
21.53619702584782
21.503542626973687
21.53377688099099
21.562169868938643
21.58883372392028
21.55297375013354
21.580197648750406
21.60576361194151
21.56887260797427
21.595128266148638
21.497984954740186
21.52855767099651
21.557268508832824
21.584230856644904
21.60955119747523
21.57242952954899
21.598468571199458
21.56202183521341
21.588694705448916
21.61374319788708
21.57636623713576
21.60216553329419
21.626393652316576
21.588246278890498
21.55242208050607
21.57967957580325
21.666177089636836
21.686506904877955
21.70559863437089
21.662627677537703
21.683173651975657
21.64156837657034
21.602496862437206
21.56580480351478
21.59224729098073
21.556179430960004
21.583208103614542
21.547690730104417
21.51433636464106
21.60481328003442
21.628880151280324
21.590581350067353
21.615514945848254
21.6389300856461
21.600019243430253
21.647253446950675
21.60783571203138
21.57081851716867
21.5969556694731
21.56060106920219
21.587360464087777
21.55159021182483
21.5788983679247
21.604543457318087
21.628626760767418
21.590343391036683
21.61529147852255
21.63872022748053
21.599822165626968
21.624192995740287
21.647079642299705
21.607672492083655
21.631565237315762
21.654002914363232
21.614174136878514
21.576770931942615
21.60254558218731
21.626750556232103
21.58858144735757
21.613636837213495
21.576266353827194
21.541171732879118
21.569114374346782
21.595355308949063
21.559098170634066
21.52504909204245
21.553973602337066
21.58113660995474
21.6066453904085
21.630600686132624
21.653097104347147
21.674223490692405
21.63316328010924
21.655503636350588
21.676483464896837
21.69618562188462
21.71468791751185
21.73206342333538
21.748380760854257
21.763704372518234
21.778094776231875
21.730708804359356
21.686208638173873
21.705318532109086
21.662364633503643
21.622026627323272
21.645045205719285
21.666661952690983
21.626062239772104
21.648835049369985
21.670220994863353
21.690304536276177
21.70916499001696
21.726876842124927
21.74351004243952
21.698230280854954
21.71660805675089
21.733866626094763
21.68917414856559
21.70810344291795
21.664979943244248
21.624482664700675
21.586451670420406
21.611636763691806
21.574388084782974
21.600307850419693
21.624649102329133
21.58660797199729
21.611783546502654
21.574525928520643
21.539537299473736
21.506679477935787
21.475822697729498
21.507745095437773
21.476823419125616
21.44778487290087
21.481414774141207
21.45209661439601
21.424563930579293
21.459607987207015
21.49251786078611
21.523423523064235
21.552447030509626
21.57970300635159
21.54439909326478
21.572145188484956
21.537301546506225
21.565479882323995
21.591942157490465
21.616792880099297
21.57923019370125
21.604855074904844
21.62891940084314
21.590618209331794
21.61554956038349
21.638962592156137
21.60004977029383
21.624406739282936
21.647280368860606
21.668760994396997
21.68893344983822
21.646977402743072
21.66847647891602
21.688666261350036
21.58582648603382
21.61104965303436
21.63473672916457
21.65698126235845
21.677871103480822
21.57568875327884
21.60152930820416
21.564896173334528
21.652293996378457
21.67346929199901
21.69335501211627
21.651129691878392
21.672375893643
21.692328201720144
21.65016541423539
21.671470340508456
21.630577796771494
21.65307560894811
21.67420330436317
21.694044323127457
21.712677023848997
21.730174993096593
21.68570733601701
21.704847759253575
21.72282253071503
21.739702638594487
21.755554747904085
21.77044146375673
21.784421578613944
21.736650304476356
21.752688300933748
21.767749583406886
21.781893633777408
21.795176311480365
21.807650074111212
21.75846418459784
21.773173715755835
21.68186871158551
21.701242907049952
21.65853721401061
21.618432297677366
21.641669770748816
21.663492081710213
21.623085413934064
21.64603951222548
21.54579570593095
21.573456747439756
21.599433231520678
21.56292774772107
21.58954544788486
21.614542130108674
21.638016514385058
21.59916130865901
21.562672384961676
21.589305636717512
21.614316923441418
21.637805022803835
21.659862696915084
21.680577058672956
21.700029915799774
21.71829809392757
21.73545374000738
21.69066460724093
21.709503132659957
21.727194391880968
21.743808253415416
21.75941033078242
21.774062241637772
21.787821851122033
21.7398435003887
21.755687031215032
21.77056569101404
21.723638240431285
21.67956867158902
21.57728293948925
21.603026408474356
21.566302100198268
21.592714302296194
21.617518001286356
21.57991115500802
21.60549456566803
21.62951994661885
21.652082181869762
21.673270376993894
21.63226821103497
21.654663076982942
21.675694095594682
21.634544325172968
21.656800575769935
21.616801420705546
21.579238214184578
21.60486260694074
21.568026474178048
21.594333661900606
21.61903874189086
21.64223928250971
21.66402691020487
21.684487671373397
21.703702372186758
21.721746897720585
21.738692511649404
21.754606137689958
21.708650623904642
21.726393800908852
21.743056418433504
21.697804282550905
21.716208001743556
21.733490934437373
21.74972133653014
21.764963307135456
21.718377041730907
21.674627879889496
21.633543042004227
21.65586027074617
21.61591838025773
21.543183845790224
21.571003949581602
21.597129809052085
21.621664603680813
21.644705229316653
21.60544268085127
21.568571221587426
21.533945234192753
21.501427969430416
21.531791006092106
21.560304933821097
21.587082363351392
21.612229047423295
21.574944298435216
21.600830190660513
21.62513963204929
21.58706862845749
21.55131614898443
21.57864099551128
21.60430175888464
21.567499781768568
21.593839045058864
21.55767424721478
21.5237118855594
21.552717831728835
21.51905731577655
21.54834672524576
21.514952409678294
21.48359180792889
21.454141066826022
21.48738387585632
21.518602197816673
21.547919323969637
21.45365103713989
21.48692368897807
21.518170036319308
21.48661348110746
21.51787872010802
21.48633990605344
21.456721805774787
21.428907447803105
21.4636869842319
21.496348446892178
21.466120826476445
21.43773406814403
21.471976063394063
21.504132721133367
21.534331038416347
21.56269027817679
21.528422440235826
21.557141513625464
21.584111595445673
21.548539199283034
21.5151331620467
21.483761552478054
21.454300473932143
21.426633575069676
21.461551590347934
21.494343098495747
21.525137603797358
21.4931567237261
21.52402347925118
21.553010449364784
21.58023211299847
21.605795977316863
21.629803002298267
21.652347999458303
21.673520006291294
21.632502637908157
21.654883227259553
21.675900838719446
21.634738477641434
21.65698290435307
21.677872645477972
21.715913048105033
21.733213943475437
21.688561214317783
21.64662783636583
21.668148201131153
21.688357975682266
21.707336974963216
21.725160153187957
21.680997899858813
21.639525127757413
21.600578047476986
21.624902844385637
21.647746261162553
21.669198513857754
21.68934432436382
21.708263255010063
21.726030022779952
21.742714794392654
21.697483463414144
21.655006720492224
21.61511681121425
21.577656197411304
21.603376934988958
21.62753127964813
21.589314624717563
21.553425364072265
21.580621759400266
21.545261894252793
21.5120554448928
21.541771268298827
21.50877739805943
21.53869285451761
21.566786459677488
21.59316916428313
21.557045162178287
21.58402111180163
21.60935422609291
21.633144553723856
21.655486050402075
21.61556694993259
21.638978922681694
21.66096510629038
21.620712331317296
21.643810950340075
21.665502863464365
21.685873739079387
21.705004028369455
21.662069283041756
21.682649263704516
21.64107592354491
21.662934399801028
21.622561694853147
21.64554768763659
21.667133833459523
21.68740538300184
21.645542395177028
21.667128863310747
21.687400715535123
21.706438011959037
21.66341593703073
21.68391390646556
21.703163549561808
21.721240889393496
21.677317319229434
21.696968694488362
21.715423300994022
21.671854021963487
21.691838112025913
21.710605171003536
21.728229316089422
21.683880150739576
21.703131849559536
21.66031111992136
21.68099817271815
21.70042538399962
21.657769478114044
21.6177113168969
21.640992697697882
21.662856242408083
21.683388297245433
21.702669949943186
21.659877349991646
21.680590819377155
21.70004283847709
21.718310229613834
21.735465136630353
21.751575309809567
21.766704373442167
21.78091207709954
21.794254531604178
21.745884430629484
21.76136006880415
21.77589324061398
21.728641342260588
21.74516708451692
21.76068640906984
21.714360606757488
21.67085604580596
21.690900912616378
21.64882504703804
21.670211601673426
21.690295715131516
21.70915670608001
21.665969062679736
21.686311546762543
21.705415173564706
21.723355389494618
21.740203046274395
21.695124680756287
21.71369158769823
21.731127770007408
21.74750208881396
21.762879211605192
21.716419867618438
21.733689897680478
21.68900818291174
21.707947584572416
21.725733576671956
21.742436401852636
21.697222024979812
21.65476120365854
21.675786246355738
21.695530863952676
21.65317303433796
21.63323024343708
21.655566521611764
21.676542520445608
21.69624108095047
21.71473999912059
21.732112333174147
21.748426692083843
21.76374750653594
21.6563352833879
21.677264464629577
21.636019058733638
21.65818549805676
21.679002001225104
21.637650779350498
21.598817846888053
21.623249840012573
21.58529392475581
21.610549524738182
21.63426705868163
21.65654019480792
21.67745689694412
21.69709977192022
21.715546395810282
21.732869620305436
21.749137860428835
21.76441536472872
21.77876246901674
21.79223583465362
21.743988672323216
21.759579762178735
21.71332135466205
21.730780084163133
21.7471755770376
21.70167258439601
21.658940724006296
21.679711233914315
21.638316819768935
21.66034332544501
21.681028416925407
21.700453786334652
21.657796150746872
21.67863636516639
21.637307410527757
21.659395389226617
21.68013821002272
21.638717793032335
21.599819879436666
21.624190848778973
21.586177626088336
21.61137940865956
21.63504640267219
21.657272076749457
21.617244207275416
21.640554035052343
21.601544294317655
21.625810246793712
21.587698402763976
21.612807570035653
21.636387589020483
21.597631584849136
21.622135821331824
21.64514774981272
21.666758251849124
21.687052674311513
21.584311166445943
21.548726616409386
21.515309165470054
21.48392683729293
21.515355692901792
21.483970531204076
21.454496725853748
21.487717875249256
21.51891585664658
21.487313880976803
21.518536465625317
21.547857594868738
21.57539306734123
21.60125162954015
21.564635405301157
21.53024910911832
21.558856938373015
21.5248225508261
21.553760857480793
21.520036821260213
21.54926657884547
21.51581624419378
21.48440303492238
21.515802890095607
21.484390494088785
21.545279434217157
21.572971916673335
21.59897792694793
21.623400171196803
21.58543510077092
21.61068210313397
21.634391563053114
21.59575711686318
21.559475508446212
21.525403449981837
21.554306379877946
21.58144912134338
21.546038869853568
21.573685102679487
21.538747679926306
21.505937946218797
21.536026325294074
21.564282322083667
21.529917528668772
21.497645551172845
21.52823893710642
21.49606918583664
21.40495857241919
21.319396595358864
21.36084534270151
21.399769861330988
21.375423876775933
21.41346056268028
21.449180814413054
21.4827257028153
21.45332770751385
21.48662005012626
21.51788488907357
21.486345699328993
21.456727246239858
21.428912556943853
21.341891782225975
21.381970572688413
21.41960856481169
21.394054403214657
21.370056490058886
21.3475200498143
21.38725607878061
21.42457218358287
21.398715737602675
21.374433949182674
21.41253092167745
21.448307788547297
21.421005844224766
21.45626658831148
21.42847995308331
21.463285523940538
21.43507143553256
21.46947558510863
21.501784521975516
21.41032584458721
21.385337000651848
21.422769977312154
21.457923285693845
21.43003575759509
21.40384657995755
21.440152323238134
21.413347046752932
21.44907421160568
21.421725592118896
21.456942503558857
21.490014705092122
21.460172809552013
21.493048285450296
21.463021644866373
21.434823626694012
21.46924286782835
21.501565977177602
21.47102060916749
21.44233545406919
21.41539722491638
21.390099533918974
21.36634247230331
21.34403221574004
21.323080653801473
21.303405041984963
21.28492767492808
21.328475579524962
21.289685507452923
21.27204366004904
21.194576201152053
21.243626510501894
21.28968965601233
21.272047555961183
21.25547985980315
21.30082113634114
21.343401129137963
21.38338800037346
21.36003967115072
21.338113255177642
21.317522157937326
21.298185058518943
21.34092558845514
21.32016322011822
21.30066528001302
21.28235476446023
21.265159359304604
21.249011154322954
21.172946375024686
21.162413940785683
21.152522931791836
21.143234285245715
21.134511317274253
21.126319578052254
21.118626715748874
21.111402348759768
21.0437179457203
21.041055522825935
21.038555241485838
20.97530722727935
20.97681101713804
20.917323226194334
20.9223582417191
20.927086624798406
20.931527049348183
20.93569705204288
20.93961310157347
20.943290663687648
20.94674426226907
20.889087536696884
20.895842105712045
20.90218532147418
20.969042235396405
20.970927563260766
20.972698074658187
20.974360761911505
20.975922191511096
20.91648853004807
20.982474378568146
20.98354168891335
20.923644000058527
20.928294080454965
20.932660970955258
20.936761917824082
20.879713117028597
20.887038588201555
20.89391793818008
20.900378335744914
20.90644529509805
20.912142776626578
20.91749328153002
20.922517940684845
20.92723659809714
20.931667889273022
20.814029314816295
20.764454929543984
20.717899624334756
20.73507953721277
20.751213193396513
20.766364309918668
20.780592723444624
20.793954626586846
20.806502789827707
20.8182867699272
20.890253105638635
20.836036691505242
20.846022056992574
20.855399313721726
20.864205495516075
20.87247538083915
20.819341630146045
20.83034372487015
20.84067579202556
20.911278636291204
20.91668176734107
20.921755847710003
20.926520916584465
20.930995792764474
20.93519814898512
20.939144581711925
20.94285067668567
20.946331070475512
20.949599508283555
20.95266889822909
20.95555136232694
20.95825828436123
20.96080035484363
20.963187613233654
20.965429487587727
20.912320770537406
20.91766043561168
20.92267491508293
20.92738401275438
20.87090632637764
20.939668131101243
20.882442341917177
20.889601603294423
20.896324865653796
20.84173868133548
20.851376795642153
20.860427948787546
20.868927886706384
20.816010178405968
20.827215158541044
20.837737755385895
20.786719526082894
20.799708306944446
20.81190607105153
20.823360991324495
20.773218306952835
20.78702931205941
20.79999922695499
20.812179274033433
20.8236175562448
20.83435924706949
20.905346768922957
20.91111115069555
20.855624481618193
20.803516950687644
20.75458276839077
20.647728677795772
20.60828200131801
20.571237627437743
20.597349255926787
20.621870686240847
20.64489876144878
20.60562442687655
20.62964189927977
20.59129670761363
20.55528673811996
20.521469775768455
20.550612266424157
20.517079979398925
20.485589808653533
20.456017389306535
20.489145930297767
20.459356943142634
20.49228210530525
20.46230212509216
20.43414792567405
20.468608317000502
20.50097007049517
20.409560993202017
20.384618728716017
20.422095448137213
20.45728983534566
20.429440884373108
20.464187934514786
20.435918889302837
20.409371428944294
20.506240708921588
20.536310649748266
20.503649331178597
20.47297708690982
20.444172782317015
20.35622265987391
20.395428699887592
20.37134709206444
20.409632054157715
20.38468546205951
20.36125811742009
20.400157498069206
20.43668790643679
20.41009361293479
20.385118911907064
20.361665170171925
20.400539761308455
20.376146889844772
20.292339544253228
20.274536066008206
20.318716819588307
20.36020696527538
20.39917036109011
20.374860886099725
20.352031858136254
20.330593117975756
20.310459997091034
20.29155298326819
20.273797406587157
20.257123144526
20.241464345024365
20.226759166412382
20.21294953317787
20.199980906607337
20.18780206939495
20.1154649233688
20.169333109535643
20.219920723164922
20.20652755112418
20.19395002326072
20.18213846684414
20.171046234213332
20.16062951854974
20.089947180870062
20.084469397555075
20.079325211243972
20.074494305879217
20.069957602651172
20.004797184649718
20.00450503610455
20.004230679405783
20.00397303102997
20.003731073440246
20.003503851067737
20.064190466537713
20.060281267125568
20.117510137957623
20.110353770556006
20.103633225929148
20.158221962470062
20.148586244955638
20.13953734263784
20.131039518471198
20.123059211796303
20.11556490579791
20.10852700303482
20.04101770855
20.038519730099306
20.03617387853626
20.033970889333403
20.092802062173
20.087150416586667
20.08184295621654
20.076858720182955
20.011278024123815
20.010591192454676
20.00994618883419
20.009340465934187
20.069671631558798
20.12632862919687
20.111410331043945
20.16552544188337
20.094544942472673
20.088787155476087
20.144280017707594
20.0745933646292
20.070050628723283
20.065784545434035
20.000878266617104
20.000824780180125
20.000774551067156
20.00072738090717
20.00068308340992
20.061541483630258
20.057793607277176
20.054273976593997
20.050968691419424
20.047864698111983
19.984049737996965
19.98502110895295
19.985933323417715
20.047689984021577
20.044785663994663
19.981158217057388
19.921405681638593
19.926192075626805
19.869786978221132
19.816816951247464
19.827972798916495
19.838449255462482
19.848287695804817
19.918426975130306
19.92339477234487
19.92806003070907
19.93244117483889
19.936555507291203
19.94041927689717
19.944047742934135
19.947455235389448
19.88975521155423
19.83556911917058
19.84558295981309
19.854986957560474
19.802918251845043
19.81492053030768
19.765291870011943
19.779585595128218
19.85390883238491
19.92370578449267
19.92835210221707
19.87181545919205
19.879621897727255
19.886952924155665
19.893837491074585
19.900302787868142
19.906374348086974
19.851176150288477
19.86023952273591
19.868750935801295
19.876744003810998
19.88425029397891
19.830399451075593
19.84072812450509
19.850427781722733
19.85953672981582
19.868090942970035
19.87612420454316
19.883668240486482
19.890752844640858
19.83650599640223
19.785562781221337
19.79862200784496
19.749985927567202
19.765211784578362
19.77951038689754
19.73203820433548
19.748357077691452
19.77807388984195
19.791589189950574
19.804281408282584
19.816200670518175
19.82739404968362
19.83790575205789
19.847777291757563
19.857047654689527
19.804853452518934
19.816737877260532
19.76699854053537
19.781188329416764
19.733613960155285
19.74983686998183
19.765071804599938
19.779378931699803
19.792814754759284
19.805432336194446
19.756381506920206
19.771217873148768
19.78515070467401
19.737335026759364
19.75333132362972
19.768353446020672
19.721560721158014
19.677617673239492
19.69725075693921
19.71568818584161
19.733002775323857
19.688362906306637
19.707341605312564
19.66426450154903
19.745610793404698
19.76110309608635
19.775651917534695
19.789314715756834
19.802145449567245
19.7532947916886
19.768319138874766
19.782428503317295
19.795678607465273
19.80812178027064
19.758907163852157
19.77358971757356
19.78737810377333
19.739426777253538
19.6943956865188
19.713006989209806
19.73048486356693
19.685998335375704
19.644221036751325
19.66588797561317
19.62533539789833
19.587252472166323
19.551488796611395
19.57880312889776
19.604454018347887
19.628542768630503
19.590264514020905
19.554317405117033
19.581459475145405
19.54604859310905
19.573694233788707
19.599656254950975
19.563137189024463
19.589742134212873
19.55382683823931
19.580998783790537
19.606515957857695
19.569579136024164
19.595791766640293
19.5595080480519
19.52543400792554
19.493435076842875
19.524284880663146
19.49235593143076
19.52327145520663
19.491404223584546
19.461477706368246
19.494273714050422
19.46417244486475
19.43590434297249
19.470257768485464
19.4416190703847
19.475624468998273
19.44665893883628
19.41945740946115
19.393912453224967
19.369923184823566
19.408294862867812
19.383429705719163
19.360078836640866
19.338150035489438
19.317556698328133
19.29821749539995
19.280056049930092
19.323900636489352
19.365075087727153
19.34284201488457
19.3219629361781
19.363255393364856
19.341133139908937
19.320358131688483
19.300848321468656
19.282526658691214
19.26532078517692
19.249162749359648
19.233988737923646
19.219738823784095
19.206356729415646
19.254689604594233
19.300079007674444
19.28180419610707
19.26464232056415
19.309425603241795
19.35148158400437
19.390976355538506
19.36716589548621
19.3448054924511
19.32380683796083
19.304087001529016
19.3464681031359
19.386268195654925
19.362744462539542
19.340653324770884
19.319907537292337
19.339320465523517
19.318655849173137
19.299249707958495
19.28102540074382
19.203010953838522
19.190647586749755
19.179037148716695
19.16813378635985
19.218794438770534
19.26636985744941
19.25014793313074
19.23491392400308
19.281507666031295
19.26436384916999
19.248264090755537
19.294044807628527
19.33703747884395
19.438311896382356
19.47251870189267
19.443742312947407
19.47761840608891
19.509431445158096
19.47840707014797
19.44927207957596
19.482811409929784
19.453408195065062
19.4866956359856
19.45705587175408
19.490121169164258
19.460272789962154
19.43224217705346
19.405918628470904
19.381198183997025
19.357983214591606
19.33618203682298
19.31570855078046
19.296481900037932
19.278426152325622
19.32236999964899
19.363637666670368
19.341492132770142
19.320695261884442
19.30116492043568
19.28282397678115
19.326499996595178
19.367516146802533
19.406034413462258
19.44220691768241
19.41527651639555
19.389986176547062
19.366236018395348
19.404832244875074
19.441077961162183
19.414216313327408
19.38899053984577
19.365301015969166
19.343054184096644
19.32216218428516
19.302542507262192
19.284117668569927
19.205914902554017
19.193374684988477
19.18159816667268
19.17053883832231
19.160153023068485
19.150399703963615
19.20214036199223
19.189830013946906
19.178269366097542
19.167412761702202
19.218117324514537
19.204833979451603
19.253259590103003
19.23783608106573
19.223351863728826
19.209749735227742
19.196975976352373
19.184980139392515
19.17371484890351
19.163135614605288
19.15320065567583
19.14387073574517
19.13510900793829
19.12688086935485
19.11915382441114
19.050997356504503
19.04789161749338
19.044975017988033
19.103136039392563
19.096855054593558
19.03005658176881
19.02822613593909
19.026507164260398
18.96399287795694
18.966185711689363
18.96824500184748
19.031078881234972
19.029186177367762
19.027408739166066
19.025739546950852
19.024172008541544
19.022699933221364
19.021317507288185
19.020019271094334
19.07970009748469
19.074846361547873
19.07028821812961
19.126907665645515
19.119178988807704
19.111920988389315
19.105105000196406
19.098704105684448
19.092693025648266
19.081746795944763
19.07676841607173
19.072093219532963
19.067702742463407
19.063579645447387
18.99880764503964
18.937980259456726
18.941757261655813
18.945304244420974
19.00953521593574
19.008954521285254
19.069309190938984
19.0650882612108
19.061124386103064
19.118301910989388
19.050197324610135
19.04714030754138
19.10516946281211
19.098764642526852
19.03184987579697
18.969010218360932
18.97089749606275
19.03356983855253
19.031525435384683
19.029605536369758
19.02780255920484
19.026109383349265
19.024519321903295
19.023026095199384
19.02162380600174
19.020306916216235
19.019070225018666
19.01790884831503
18.955918199452647
18.95860278110598
18.96112387173663
18.96349142794787
18.965714799985843
18.967802768666704
18.969763580054902
18.97160497802956
18.91243423486756
18.91776698996413
18.922774980275314
18.927477983976548
18.931894574752377
18.81424219514996
18.825554845465327
18.836178555376488
18.84615528135406
18.8555244247196
18.864322987254177
18.8725857173304
18.880345247144977
18.948532221593847
18.890766609298783
18.89741892279249
18.90366611039443
18.84863284427141
18.857851104055282
18.805607971818315
18.75654644633458
18.771372767752805
18.66349616619666
18.68398924967528
18.642334304370056
18.66411614523392
18.684571471989173
18.642881069345034
18.664629612221923
18.685053668837607
18.7042339004054
18.72224605587071
18.678261271068184
18.697855159660133
18.716255780436832
18.73353580340823
18.68886347298067
18.70781168747615
18.72560595570885
18.742316553006184
18.81890947492811
18.769037887904986
18.783103480531572
18.7354124785672
18.812425858622458
18.76294912383235
18.733751553889533
18.74996608425766
18.76519314972637
18.779492886908038
18.73202177009534
18.687441644296534
18.706476448158877
18.724352032466
18.68023899368882
18.699712438973172
18.717999951439708
18.73517375439703
18.751301672754252
18.766447400883518
18.780670754169712
18.85492790524078
18.863762795811617
18.87205964154669
18.940751209376497
18.94435946072547
18.94774796956729
18.95093011822064
18.893018474021005
18.899533648953128
18.844752049731884
18.85420664990321
18.863085464924108
18.81052356011023
18.822062675299517
18.771999058373776
18.785884315718814
18.79892396089154
18.811169491673244
18.822669269630342
18.833468711109855
18.843610466603266
18.85313458918713
18.862078692705634
18.87047810031986
18.817465984010383
18.706782305584152
18.72463926317408
18.80230873204678
18.81434813026513
18.825654329131986
18.836271980487847
18.785343016876137
18.73751562714838
18.753500925455043
18.707612719094833
18.66451910450196
18.684949891037792
18.70413644267359
18.722154533314768
18.678175322235898
18.697774445111733
18.77707998140443
18.7297558105369
18.746213681675204
18.761669268461183
18.7761836100119
18.728914028162173
18.623623163847096
18.64654451316881
18.54626995231683
18.513002112220736
18.542660283586493
18.570512272316076
18.596668074932026
18.560330989168666
18.587106831928295
18.551352025863864
18.578674687488753
18.54343339902069
18.51033830502033
18.540158702244593
18.5681630372779
18.533561908307675
18.561967988091737
18.527744137616953
18.495604519636082
18.526322204390244
18.49426918214288
18.464168188950378
18.4359003462433
18.470254015157085
18.50251554563402
18.53281234890491
18.5612640768566
18.587983094576032
18.55217492411635
18.518547471237664
18.48696793023929
18.45731158328772
18.4903613078655
18.52139830421649
18.489645147489707
18.459825758007586
18.431822369344925
18.40552438705182
18.441727951880363
18.47572671961085
18.50765496238655
18.47673877517721
18.44770538376892
18.420440125897393
18.394835322230243
18.431689851106423
18.466299939174043
18.498802272878343
18.46842521446005
18.439898118899436
18.47400832345846
18.44514121655984
18.478932116471345
18.44976515057824
18.422374452908027
18.396651848725927
18.49429575113852
18.464193139894185
18.49682377767463
18.466567209614247
18.43815326654874
18.35056973261592
18.39012003589961
18.427261725713326
18.462141486617384
18.433997070082384
18.40756664851437
18.321845839619844
18.302245427986996
18.283838681422587
18.26655290572395
18.250319833765364
18.23507535588905
18.220759266715408
18.26821502737244
18.25188073220546
18.297441195614148
18.279327026801248
18.323216010869054
18.30353215580713
18.345947047518475
18.3857788723246
18.362284939000034
18.319502279434445
18.36094459061689
18.338963065048322
18.31832021438688
18.359834513330718
18.459720591468876
18.431723607448422
18.405431639754813
18.380740852893744
18.357553734952514
18.335778712493905
18.37622978890303
18.353317394758836
18.392700365418023
18.368784913164067
18.346325911952377
18.32523466391448
18.30542787288209
18.34772731542357
18.265650721914273
18.249472592949694
18.295179712039058
18.27720326757588
18.26032158858051
18.30536800383596
18.34767109240235
18.26559792287505
18.31032300937196
18.29142433810121
18.273676595910846
18.257009691219874
18.241357801024584
18.287559110942187
18.27004676108581
18.25360091333568
18.17725661771354
18.166461689694785
18.095424172792374
18.150512840669318
18.141346608672556
18.132738600204398
18.12465481945195
18.17796334094733
18.228025373483636
18.214138628238484
18.26199758577876
18.306941932804836
18.34914916909702
18.327885984699012
18.368817728230844
18.407256728581586
18.321554793810968
18.30197210686788
18.283582005559627
18.266311861421045
18.250093469060502
18.234862776794717
18.28145963368792
18.264318741996327
18.24822173060875
18.23310502721468
18.218908931057307
18.14467737715592
18.135866524887124
18.1275922535215
18.11982188528204
18.112524732468366
18.044771976261043
18.042045362906745
18.039484800305726
18.03708017596711
18.032701333861745
18.030709822629564
18.028839594431425
18.02708326313055
18.0254338924059
18.08478496835838
18.079621563785356
18.074772610550827
18.131118958568283
18.062233813991476
18.119343774719397
18.112075738838985
18.166150326343693
18.216931771469362
18.20372062658688
18.191314040427738
18.17966301536569
18.16872153772992
18.158446396082166
18.209697010560763
18.136026462617615
18.127742451044202
18.11996293577561
18.112657192986877
18.105796369933977
18.160253371005
18.150493940710795
18.141328859721508
18.071821932164468
18.006547976495654
18.00614920472707
18.00577471815919
18.0054230378233
18.06599277481986
18.122873814833333
18.054490799509985
18.112072309819826
18.1052471061518
18.098837557387156
18.09281835014228
18.148065712618617
18.199948510720144
18.12687164641729
18.119145163150478
18.111889222714613
18.165975169051293
18.15586728125607
18.146374963827576
18.137460728530478
18.129089370162973
18.12122782752005
18.11384505282408
18.106911889107092
18.100400955060472
18.09428653689729
18.088544486800245
18.08315212755411
18.078088162986067
18.073332593860215
18.06886663889413
18.064672660585476
18.06073409555582
18.11793538913647
18.11075312393806
18.104008258690232
18.097674155735998
18.091725799651677
18.08613969845289
18.080893790817107
18.197767358956348
18.185723326795905
18.113512776194035
18.045699848123817
18.04291672737308
18.04030309867606
17.976948639966686
18.039252467792714
18.03686199250414
18.034617097160638
18.032508915943556
18.030529122962594
18.028669899374172
18.026923902502286
18.025284236839898
18.08464442681635
18.079489581223235
18.01374866572674
18.012911371983982
18.01212506943016
18.011386652701862
18.010693205552318
18.010041989334184
18.07033043218373
18.06604730886374
18.06202502775394
18.058247703563726
17.993800418416697
17.99417797293512
17.994865503039424
17.995178193904323
17.99547184189555
17.995747606724112
17.935106577474613
17.87815858690641
17.885578728963807
17.89254698436991
17.899090873021784
17.90523623885476
17.850107351908505
17.85923581417728
17.86780835309388
17.875858824390466
17.883419021985087
17.890518803546197
17.897186208410233
17.90344756831805
17.90932761140748
17.975749559872767
17.977226411676515
18.039513323205416
18.037106961822207
18.034847147847234
17.971824956543337
17.912640816689848
17.917960990953436
17.922957166604373
17.92764907515817
17.871155246481035
17.81810189197034
17.829179486749346
17.839582456006312
17.849351884435528
17.858526354673405
17.867142099673796
17.875233145803662
17.82193144722422
17.832775822088266
17.84295977452309
17.913423524254636
17.91869603162753
17.923647443301412
17.928297314004357
17.932664007581494
17.93676476951978
17.940615795056026
17.944232293137116
17.947628546485067
17.950817968004127
17.953813153752677
17.89572593268914
17.90207622338837
17.84713978138402
17.856448968697734
17.86519122650404
17.934301080809945
17.93830214498862
17.881159544358812
17.949296928107362
17.952384745185626
17.95528451420382
17.95800768728881
17.960565019132922
17.962966609467728
17.965221942951143
17.967339926625417
17.90842892509393
17.914005603555708
17.919242662299165
17.985060784165146
17.98597058240949
17.925924973940752
17.930436143027762
17.934672581917372
17.938651021678606
17.94238717445838
17.884995795533865
17.89199955158585
17.898576778894274
17.904753453059612
17.910553967768283
17.916001231131194
17.921116756155303
17.925920745705447
17.930432172291987
17.934668852999405
17.93864751985174
17.94238388589277
17.8849927072419
17.891996651370867
17.837674055302383
17.78665970533447
17.7387521292796
17.754662124606472
17.76960320121794
17.78363436626377
17.796811033358306
17.748285241426785
17.702714670223894
17.72081934680726
17.69288812236777
17.711591235715574
17.729155329460497
17.745649769896353
17.761139698909666
17.836586291246068
17.785638186109182
17.737792820575134
17.69286123780211
17.711565988419963
17.729131619725187
17.806527504083924
17.818309979085214
17.829374901358925
17.778865969866168
17.731433032301318
17.80868876063417
17.75943961511155
17.774089742551258
17.787847677229887
17.80076775368659
17.812900997487077
17.824295326740113
17.83499574134164
17.845044500693934
17.793581290601672
17.80615219000403
17.757057521632785
17.77185271856535
17.78574688800472
17.798794902525234
17.75014829296145
17.704464261920098
17.661562388369163
17.682173238917482
17.762428888667408
17.776896969347565
17.7904839439143
17.803243471729918
17.815225944301567
17.8264786842936
17.83704613242012
17.786070022955734
17.859998358557732
17.868524458521566
17.815631318997603
17.82685937167065
17.837403635935907
17.78640575450741
17.86031364405791
17.868820543134785
17.876809372057878
17.884311681299554
17.83045709990841
17.77988226252399
17.79328743273628
17.805876228082642
17.81769836579241
17.82880053531565
17.90012658271493
17.84530887382759
17.854729563411492
17.802676532999733
17.81469353214005
17.825978696032724
17.83657659344433
17.785629078903572
17.737784267998343
17.753753206077246
17.76874963582714
17.78283278300527
17.796058266520248
17.808478318089165
17.820141988517534
17.770195341416816
17.784190445124533
17.79733324701645
17.80967565227315
17.821266405049716
17.83215128098219
17.781473267970373
17.79478154595098
17.746379349802563
17.761824847399588
17.715429714192954
17.732760044598603
17.74903495788255
17.703418728947504
17.799342364177807
17.75066241419938
17.765847073174637
17.780106986418303
17.79349847094543
17.806074414064852
17.756984482248303
17.71088412727938
17.66759128392807
17.626934974736848
17.588754634775373
17.674699477517553
17.694510279336736
17.713114603325128
17.669685923982627
17.689802051212084
17.647793106293268
17.669242506120007
17.6284856374973
17.590210862173713
17.615167020667336
17.577703349108695
17.542521215147975
17.570381673145462
17.596545429250906
17.621115812609528
17.58328985962161
17.608667507170654
17.632499655983963
17.59398042693454
17.557807018934227
17.584736571481134
17.610026114277932
17.572875523918405
17.659787404511775
17.68050635157701
17.63906351476597
17.66104454671672
17.681686933821673
17.701072199551934
17.658376902599223
17.67918174923093
17.637819580702768
17.59897636823797
17.623398707412278
17.64633372613087
17.6678720022095
17.62719859727494
17.649902202700897
17.671223158556412
17.630345668200327
17.652857617006926
17.673998588131205
17.632952074114016
17.594405292800474
17.619106010468926
17.58140245443137
17.6068950449565
17.630835136718648
17.653317276892484
17.67443025472973
17.633357452216693
17.594785983376696
17.619463516989054
17.581738188804422
17.607210333106234
17.631131223820066
17.592695332289424
17.617500186553
17.57989442519192
17.605478854697733
17.56860519244664
17.59487713622664
17.558649118630438
17.585527387305845
17.549868769418918
17.577281761361306
17.5421253020944
17.509109871196852
17.539005080040965
17.50617967066647
17.536253328722882
17.50359550100366
17.594726534992535
17.61940768901149
17.642585760750688
17.60345228792097
17.566702043586584
17.532189889132162
17.560679524884016
17.52653414181858
17.49446821258183
17.464355098435597
17.43607587294087
17.47041885227877
17.44177034417499
17.414866530214734
17.450501158524656
17.423065637970506
17.397300940618102
17.37310531333446
17.35038319975239
17.389944862887468
17.36619722073762
17.380143745166027
17.417892991085417
17.392443307928314
17.36854351047548
17.346099210687523
17.325021768756653
17.366127943039373
17.343830751308275
17.322891458553602
17.36412736872769
17.402852011972175
17.37831832444307
17.41617873848449
17.390833453310783
17.367031696004158
17.405579465717505
17.380879676255308
17.35768410397136
17.396801142039504
17.433535952489297
17.4680336129827
17.439530365952056
17.412762966665575
17.448525701995642
17.42121048674411
17.39555876810139
17.432369239124018
17.466937952461365
17.499401431156468
17.468987883999038
17.440426521863497
17.47450454668201
17.445607219789075
17.47936974010392
17.45017612293159
17.483660397045057
17.454205478865013
17.487444365202133
17.518659003361325
17.48707267005662
17.457409944450173
17.49045367883316
17.399685049792218
17.436244230259874
17.470576956637046
17.50281881997785
17.4721971538412
17.50434034717227
17.473626020029478
17.444782195409683
17.417694959709234
17.39225733666294
17.368368864860166
17.345935200990183
17.385767747249883
17.362274491442363
17.340211974913522
17.31949306564129
17.300035937943736
17.281763749322963
17.325504336989194
17.305681122866552
17.28706514248398
17.391382875306704
17.367547658200525
17.345164005816113
17.324143517861913
17.304403177624124
17.285865024106815
17.32935584413871
17.309298073230664
17.29046182057092
17.33367269569815
17.313352028530133
17.294268889992647
17.276347914592094
17.259518326593437
17.243713660503897
17.28977149857921
17.272124414315737
17.25555203748391
17.23998891840114
17.28627359327051
17.26883953144034
17.252467203975623
17.176191951253507
17.16546186142217
17.15538523406156
17.14592227330721
17.137035606862803
17.12869013840486
17.181752908976005
17.170684156819366
17.160289491669065
17.15052786162642
17.14136071485337
17.1936518473188
17.181858449817085
17.170783270223225
17.16038256906663
17.150615270610473
17.202342800630294
17.25092012407191
17.23563908851593
17.282188668025313
17.265003378142573
17.248864672413692
17.2946088138637
17.337567137099402
17.31700929845005
17.29770343217444
17.340473293155018
17.258838469601876
17.243075206803123
17.228271926708814
17.153470166372248
17.14412383324018
17.074446691795853
17.065655193370116
17.061656792093878
17.057901893455362
17.05437566814393
16.990164189953965
16.92986319078577
16.93413452246692
16.938145730048685
16.94191265508872
16.88455017439382
16.891581068773238
16.89818378168495
16.904384389380336
16.910207380067074
16.97657575062099
16.978002287408174
16.979341948105017
17.04150002346542
17.038972672036376
17.03659923630936
17.03437034281812
17.032277188940498
17.091211508134023
17.08565672728866
17.080440232596782
17.075541422431638
17.07094094980555
17.00572064596239
17.066272258623282
17.062236278073126
17.058446088738474
17.054886721934302
17.051544120568504
17.109305083625884
17.10264840403307
17.096397116227454
17.090526531849203
17.085013466059586
17.018936145976557
17.017782934686586
17.016699953964174
17.076582926767756
17.0719190265276
17.128439157812068
17.05971721310131
17.056080434823443
17.052665136342696
17.049457829539428
17.046445847720477
17.0436172955943
16.980061002292604
16.981275287252984
16.921515622259278
16.92629532086369
16.869883935823093
16.877808004131467
16.88524949667986
16.89223780233206
16.898800520170038
16.904963568491684
16.84985128717054
16.858995343781856
16.867582527345544
16.9365467514302
16.9404110542681
16.890256793780427
16.9578401550392
16.960407689597314
16.96281886130084
17.02598319264762
16.96350081621538
16.965723616507866
16.967811048262536
16.969771355423347
16.971612279878066
16.973341092033493
16.974964619528656
16.976489274199363
16.977921077400623
16.979265683786927
16.980528403644303
16.981714223862365
16.982827827629148
16.983873612926534
16.98485570989931
16.985777997166444
16.925744117139008
16.930266300405243
16.995413082710566
16.995692425973495
16.99595475723171
16.9962011125163
16.99643246476406
17.05754972765993
17.05404494924544
17.050753611836395
17.04766271687556
17.04476005741784
17.04203416992109
17.039474288972897
17.03707030477445
17.034812723213687
17.032692628369976
17.030701647302244
17.028831916981538
17.027076053237362
17.025427121595207
16.96297860989006
16.96523321254776
16.9673505099036
16.96933886385047
16.971206127041977
16.972959673905123
16.974606429764304
16.97615289819166
16.97760518669179
16.97896903082226
16.980249816845184
16.981452602999312
16.982582139476655
16.983642887182526
16.984639035353112
16.98557451810011
16.986453029947814
16.987278040423995
16.988052807762173
16.98878039176946
17.0503636659107
17.04729651865674
16.983516160670543
16.923620026485708
16.92827156687273
16.93263982845018
16.936742062897565
16.940594471267104
16.88331226796694
16.890418550847755
16.897092061101127
16.90335915458007
16.970144582066144
16.971962777018316
16.973670243897903
17.03617372604452
17.03397074612841
16.97100192768919
16.97276791029292
16.974426344556083
16.97598378017262
16.97744636796011
16.97881988415134
16.980109753206523
16.981321069236248
16.98245861611976
16.983526886398067
16.984530099016425
16.985472215986327
16.98635695803276
16.987187819288568
16.987968081093896
16.98870082495528
16.989388944715504
16.92913515798233
16.933450826861208
16.93750367150536
17.002209697910686
17.002075127307926
17.001948752054876
17.001830073054734
17.0017186216057
17.001613957549914
17.001515667535124
17.001423363382237
17.00133668055226
17.00125527670663
16.940278830355197
16.943915849586567
16.947331374346746
16.95053889364903
16.953551075025803
16.956379814556733
16.959036283850228
16.96153097416375
16.90297373783718
16.908882637202897
16.91443168459724
16.91964279500527
16.92453654878945
16.868232272968175
16.815356927544414
16.82660169065696
16.837161647695954
16.84707850335127
16.85639142249718
16.865137184867102
16.873350330308696
16.8810632951929
16.827406540515653
16.83791748219825
16.78688830753238
16.79986680960366
16.8120549208988
16.88440077621606
16.830540768944505
16.840860836115787
16.850552411196336
16.85965376935448
16.868200854800794
16.876227422743426
16.829943873681025
16.77940029177385
16.792834814004824
16.74455117383193
16.760108007345565
16.77471742969822
16.7884371382296
16.80132131651142
16.813420848335873
16.82478351867222
16.835454202385083
16.84547504145983
16.85488561143493
16.863723077698545
16.872022342266703
16.87981618162266
16.887135376161844
16.833108831753588
16.843272503899797
16.8528172084123
16.861780640419994
16.870198199418418
16.81720312907384
16.828335458513244
16.838789829089787
16.78770752849822
16.80063614001268
16.87367739908591
16.82047044548158
16.83140379535175
16.71987130421483
16.736931141788148
16.75295203525325
16.70709725630633
16.724935033397276
16.741686489863383
16.757417782630704
16.772191039668495
16.786064605352685
16.799093270886708
16.811328490689707
16.822818585606704
16.833608933743257
16.904642149678295
16.91044944276289
16.91590307169863
16.860124574632184
16.807742988037084
16.819451440065627
16.769546847365632
16.783581444361065
16.796761334399477
16.80913856913455
16.820762030274256
16.831677622630554
16.841928455412354
16.851555012477743
16.86059531221785
16.808185057703785
16.819866587689624
16.830836712499327
16.84113875670812
16.850813406424596
16.85989886997334
16.868431028791964
16.876443579138535
16.944868165168998
16.948225693910207
16.951378749151075
16.893439783327775
16.899929300523116
16.90602360612126
16.911746768508475
16.85622139030631
16.804077507636656
16.816009187421585
16.83773688142804
16.847618705349074
16.795998726193318
16.747522403768144
16.762898289378665
16.716437783555506
16.733706722536976
16.749923983134476
16.765153612561587
16.779455757556587
16.853786901921392
16.86269127959438
16.87105338066708
16.81800622978446
16.829089650390586
16.7785980906818
16.73118146695928
16.74755251562146
16.762926567420116
16.77736433946423
16.79092285119086
16.742755649553338
16.75842183049554
16.77313394101836
16.786950084010343
16.799924823894113
16.812109402118963
16.82355193952992
16.83429762641255
16.905288900964027
16.91105680689532
16.916473447355397
16.860660214411453
16.869146007353798
16.816215015505954
16.76650752106164
16.78072721302899
16.794080925755523
16.80662139737701
16.757498154276753
16.7113665166813
16.72894429581541
16.806351588200254
16.81814477647886
16.8292197595913
16.839620276232193
16.849387401409654
16.797659708663808
16.688182232406184
16.70717193445265
16.725005163644482
16.741752349178533
16.75747963111356
16.772249121578746
16.7252191500746
16.681053303835057
16.639577157631503
16.661526908731744
16.682139919989982
16.640597598862595
16.601585205091865
16.56494866610177
16.591443292336173
16.6163243958329
16.63969024012668
16.600733104502964
16.625048458438734
16.647883007319816
16.66932693217404
16.628564922004642
16.651185318254562
16.67242813237286
16.631477259111353
16.653920294031472
16.614096548124955
16.576698068344147
16.60247715598199
16.626686297182687
16.64942110168426
16.67077135659169
16.629921380975258
16.652459168873865
16.61272440548945
16.636309489195142
16.65845824130316
16.679258134407796
16.63789131402236
16.6599437329984
16.6197531596588
16.64291019223558
16.603756961528433
16.566988162571352
16.532458583470756
16.500031855737387
16.46957991572298
16.44098249885545
16.535926664675156
16.564188730796438
16.590729637090938
16.6765542021921
16.696252051278602
16.714750301355735
16.671222008003173
16.691244587715783
16.64914779232389
16.670514691771366
16.62968034704249
16.652232813907606
16.673411835540634
16.632401054756212
16.59388783052156
16.557720061642797
16.52375490988875
16.491858235876528
16.461904069311647
16.494674111490568
16.525448458100794
16.554348647002456
16.520588814400007
16.549784955603048
16.577203051806823
16.602951385951787
16.627131646547323
16.64983932927259
16.671164114119893
16.691190219569993
16.70999673519818
16.727657934024613
16.683343565842517
16.70262794268271
16.720737900973333
16.737744962804058
16.75371629456929
16.768714972230022
16.721900230421216
16.738836506388566
16.754741363149503
16.708777614133698
16.726513057432957
16.743168412235292
16.697909455930162
16.655406770064015
16.676392497767118
16.696100194653102
16.71460769279873
16.73198808430729
16.687410009972975
16.64554674036562
16.667132943877355
16.687404547595225
16.706441610646678
16.663419316558297
16.6230170801799
16.585075339996944
16.54944425179113
16.51598309685705
16.423659726258457
16.397858848929317
16.434529245029523
16.408066414007227
16.359877365578082
16.33796083401438
16.317379019222905
16.29805063695223
16.34079935316184
16.259144672554285
16.24336276199573
16.28944196979019
16.332714953829967
16.373352613141723
16.41151543900139
16.38645414876621
16.42381909110635
16.398008508457973
16.373769790292883
16.351007210064047
16.329630870971148
16.309556350929004
16.290704369157428
16.27300047307574
16.25637474426543
16.240761522339664
16.286999145629178
16.33042089766036
16.371198264992845
16.348592290654782
16.388263020153907
16.364617802226537
16.34241257807094
16.321559652066423
16.362876669255577
16.340777480097913
16.38092413155995
16.35772585194795
16.33594034756432
16.315481580397655
16.296268752151438
16.278225985145415
16.32218202265006
16.363461137470672
16.34132635419871
16.320539579228008
16.361918718853023
16.400777868874876
16.437270496660396
16.410640723413778
16.385632703357878
16.362147671723385
16.34009287851543
16.319381222213842
16.36083090578102
16.277956303618957
16.261028764728565
16.306032112956597
16.287394757277543
16.26989241655934
16.253455968390877
16.298920499915873
16.341616241470998
16.320811812365417
16.301274372992363
16.28292676367713
16.265696523769194
16.24951560547165
16.234320105098426
16.220050010697932
16.20664896504643
16.1940640430751
16.243145542851828
16.228337979292153
16.21443219635326
16.201373275595348
16.189109643111593
16.177592865846098
16.166777460316073
16.278420712982825
16.261464891562174
16.245541679666037
16.291488191374377
16.33463656051968
16.375157193984034
16.352310120870406
16.330854434509398
16.371605399447777
16.28807463062141
16.270530885616566
16.31495555468252
16.295774761402356
16.338662078432954
16.37893755785639
16.355860260582936
16.395088370713438
16.371027488936992
16.34843191486073
16.38811241124571
16.364476365400847
16.342279754747935
16.382334917683785
16.359050721196844
16.33718453227596
16.377549994260356
16.3545571996099
16.332964666153657
16.3735871179849
16.35083566249962
16.390369770653393
16.366596251620603
16.344270539896907
16.323304464017188
16.30361522215854
16.346025055129086
16.324952129271725
16.305162544599078
16.286578145632994
16.330025536563944
16.3708269813872
16.34824361822072
16.38793558187108
16.36431030493513
16.281223807364583
16.26409727749608
16.308913753296572
16.290100905720813
16.272433760562418
16.25584254454417
16.24026173358143
16.225629794006323
16.21188893955134
16.198984903132665
16.125966722531885
16.179195349129696
16.168282352367697
16.158033957108504
16.148409689120598
16.200271539053155
16.18807500232482
16.17662123468324
16.22676500149103
16.152055012900227
16.142794862614604
16.194998655481374
16.183123237362558
16.17197103220718
16.161497996345762
16.151662768368308
16.14242650577468
16.133752731573
16.064707190220204
16.121666522335794
16.175157031125543
16.215372528883062
16.263156341874083
16.247130120653953
16.23207989630613
16.217946230621088
16.204673305176264
16.19220870089103
16.180503191006768
16.169510546674456
16.15918735438198
16.14949284450012
16.079488730270064
16.074647866596617
16.070101811520885
16.065832611199266
16.122723405177233
16.11524954980194
16.108230852219005
16.040739593318868
16.03825855208575
16.096828606263728
16.151831744142267
16.142585190924006
16.133901752796735
16.186647136051416
16.175280325465884
16.164605753645013
16.215481263248034
16.20235845431623
16.19003482444837
16.239361703639467
16.224784575887824
16.211095195216256
16.198239497827586
16.186166712409886
16.174829159624124
16.225082063803015
16.211374566117414
16.259401855040863
16.182704282068876
16.171577591290884
16.16112851598127
16.212215789358012
16.19929184778611
16.187154974255936
16.17575723632375
16.165053620631635
16.15500185513517
16.14556224215744
16.13669750161005
16.128372623762
16.181454730974895
16.231304137858526
16.217217715862944
16.20398915696689
16.191566217307606
16.240799834673574
16.226135124741955
16.21236349564517
16.19943055876038
16.187285237731874
16.175879566754006
16.165168501138687
16.15510973941934
16.145663556288703
16.13679264571072
16.189361973586937
16.177829829395492
16.214020883224684
16.2618870114363
16.245938092439832
16.23096046261025
16.216894970437284
16.203686066737653
16.19128158527333
16.179632536730185
16.16869291524332
16.158419516705003
16.148771768137667
16.139711567458082
16.131203132999886
16.123212862200194
16.115709198892205
16.16956250867967
16.15923615190108
16.149538670250305
16.140431765232062
16.13187947072943
16.123848010962007
16.177205667094423
16.166413841968374
16.2171792389925
16.203953023337856
16.19153228421658
16.179867968107793
16.168914008850027
16.158627145711062
16.08806675253726
16.08270348730774
16.0776668449307
16.07293693407442
16.06849507478929
16.064323724734624
16.060406409898288
16.056727659535483
16.05327294506977
16.110928622715022
16.165073069591678
16.155020119653546
16.145579394366646
16.136713609249718
16.12838775044641
16.120568936444226
16.113226288214772
16.106330807262495
16.09985526110021
16.09377407569921
16.088063234489127
16.08270018350874
16.016763742333058
16.015742830424976
16.014784092052096
16.013883740846126
16.013038221028598
16.01224419336796
16.01149852199185
16.01079826200255
16.010140647846594
16.009523082392736
16.008943126675018
16.06929849026051
16.065078212203648
16.122014949080448
16.11458423868145
16.10760605854575
16.101052849580313
16.09489873104087
16.150019398320484
16.140883216962767
16.193203429049735
16.181437340220608
16.170387806201173
16.160011188803523
16.15026650740539
16.141115277104404
16.13252135672875
16.18535080610397
16.174062942012238
16.163462508843693
16.153507642055114
16.14415902665396
16.127135115647153
16.119392587104244
16.173021578549598
16.162484564415927
16.152589254442997
16.20419656884742
16.19176099780461
16.18008275303831
16.16911571337828
16.158816566433543
16.08824463753774
16.082870539111692
16.077823723279792
16.012184258532052
16.011442237187453
16.01074540494274
16.01009100978173
16.00947646728602
16.008899350428305
16.00835737998722
16.007848415546
16.00737044703925
16.00692158681456
16.006500062177555
16.067004208390944
16.062923652099936
16.11999160168705
16.17358411314431
16.163012840653824
16.092185358658007
16.025671270315733
16.024107889953505
15.96173971945534
15.96406977054051
15.966257921514593
15.907412814094355
15.913051373716009
15.918346545056703
15.92331924046275
15.927989098718568
15.87147456260661
15.879301761743866
15.886652284453664
15.832655160330438
15.842846461066314
15.791517111587376
15.804213719491706
15.816137103974661
15.827334354342604
15.83784969216314
15.847724645910404
15.796098214974462
15.808515833682517
15.820177219411251
15.831128426749105
15.841412705560085
15.790170671791477
15.802949277879376
15.875849666856523
15.88341042214496
15.890510727436332
15.89717862413546
15.842540445925613
15.852129732768743
15.861135032043126
15.8695919085917
15.877533761358466
15.884991955291735
15.891995945214468
15.898573392150906
15.904750272568917
15.91055098096947
15.915998426228429
15.921114122071117
15.925918272036986
15.930429849269933
15.934666671449394
15.938645471158125
15.881481961964598
15.888699710480953
15.895477898112663
15.901843294117603
15.90782103750584
15.913434736321735
15.918706560879741
15.923657331322165
15.928306599844644
15.932672727914106
15.936772958784138
15.940623485594184
15.944239515321499
15.94763532883842
16.01172433731216
16.01101032516985
15.949439796367006
15.952518912768255
15.955410510980668
15.958126010861946
16.021576136800455
15.959362150069309
15.961836995130088
15.964161122126667
15.905443709789154
15.911202187862994
15.916609974622137
15.921688427167648
15.926457601953139
15.930936333994193
15.935142311253946
15.93909214449858
15.942801432898618
15.885384825635093
15.892364889753916
15.898919867967901
15.965975648008657
15.907147731044931
15.975303955980035
15.97680794506085
15.978220341206644
15.979546722427159
15.980792327031345
15.981962074315136
15.983060583989344
15.923192194424395
15.92786978978395
15.932262519586107
15.997287732143313
15.997452909255786
15.997608027082109
15.997753698232808
15.99789049801043
15.937118966681595
15.940948421610686
15.944544662734595
15.947921892774058
15.951093449504118
15.954071858429318
15.956868882250973
15.959495567321888
16.022862287271987
16.021469973977123
16.020162452561916
16.079834559200897
16.135872634545564
16.12759799110174
16.058927273443647
16.05533860249093
16.051968481599236
16.048803601069842
16.10673146176469
16.10023151574322
16.09412741643446
16.088395056773603
16.08301179781609
16.07795637932909
16.073208835827952
16.00785041772603
15.946472327286516
15.949732162554767
15.952793473855182
15.955668351297401
15.95836814870339
15.960903528447353
15.96328450356491
15.965520477297808
15.967620280230372
15.969592205164343
16.032344039869834
16.030374287841763
15.9676244937122
15.90869616204513
15.853356565776583
15.862287150920789
15.870673863429714
15.939449825146845
15.882237330795403
15.889409077349963
15.896144064539351
15.902468891008905
15.908408535546462
15.913986455731683
15.919224680577624
15.924143897530447
15.867863534170844
15.87591064493984
15.822567686663005
15.772473314545229
15.786329689689424
15.799342211587339
15.81156227090167
15.823038128603757
15.83381510657179
15.843935766581566
15.85344007839675
15.862365577622388
15.870747513945185
15.939518990345924
15.882302283833859
15.889470074748377
15.896201347196202
15.902522685151954
15.908459053626201
15.974933897260366
15.97646042291721
15.977893983161552
15.979240239587014
15.980504508996164
15.981691784398297
15.982806754728442
15.983853823365479
15.984837125522521
15.9857605445782
15.92572772741339
15.930250908813914
15.934498628467146
15.877587661993498
15.824142573378095
15.83485229065937
15.844909786158214
15.854354780181179
15.924124574068145
15.867845387507396
15.875893603408196
15.883451682960636
15.890549475468333
15.897215012412312
15.903474618156402
15.848453013910678
15.857682225363519
15.86634937783888
15.874488700728492
15.882132338854127
15.889310479417912
15.89605147122136
15.841481936623982
15.851135686683582
15.860201523364552
15.92961525059165
15.93390168183062
15.877027069407136
15.88451612088024
15.891549089118634
15.898153749591309
15.8434561862412
15.85298970449911
15.801042631495116
15.813159135237063
15.763637743901128
15.77803220529755
15.791550043994928
15.804244646315636
15.816166147355014
15.827361628981095
15.79055750965438
15.80331255731643
15.815290822575859
15.826539611480989
15.898003349141797
15.965114945179062
15.967239445017658
15.969234562816082
15.971108177940582
15.911967689904003
15.85642885758885
15.86517234016169
15.873383344645843
15.820194298956913
15.831144466150437
15.780527768161878
15.79389362708082
15.806445505191597
15.81823297392543
15.829302585813371
15.839698058337337
15.788560446584595
15.801437115387593
15.75262959506049
15.767694452721306
15.781841860550578
15.795127691243048
15.746704414846347
15.701230115982206
15.71942520191889
15.73651220712203
15.752558613708297
15.706727794133464
15.724588071470736
15.61956065791817
15.581829413850954
15.60729600254743
15.570311675992293
15.596479694924362
15.621054081503468
15.644131887939906
15.665804255964366
15.625256776776137
15.64807863907047
15.669510649951079
15.689637451369057
15.70853853058068
15.726288534068317
15.742957562343557
15.758611446796834
15.773312009686908
15.787117308296976
15.80008186422169
15.751356878690592
15.766499244778334
15.780719440771334
15.794073626828359
15.806614542954511
15.818391717288582
15.76855166170571
15.782646865507832
15.734983671398407
15.751123165810244
15.7662797650124
15.780513327323144
15.793880065689164
15.806432769688694
15.818221014014652
15.82929135426116
15.839687510786655
15.849450541379747
15.858619003409721
15.86722910610207
15.875314853540454
15.822008178959841
15.771947880861187
15.785836254916742
15.798878826992311
15.81112710642848
15.822629465646985
15.833431331189084
15.843575363119669
15.853101623505681
15.862047734634185
15.870449027594963
15.87833868181443
15.885747856091932
15.892705811655933
15.777440027726088
15.790993930037569
15.80372239969828
15.815675705556655
15.766001055088257
15.719351590833384
15.73644307895163
15.752493695443476
15.767566829390969
15.72082200948106
15.737823949103664
15.753790470603251
15.768784630943513
15.782865646919053
15.796089129021682
15.747607301064264
15.76297801642945
15.777412655228897
15.730068224525459
15.68560706965186
15.643853599110063
15.66554291492426
15.685911351405371
15.705039350104784
15.662102453683405
15.621780414254086
15.644813987026012
15.629567135969467
15.652126497388926
15.551511993697941
15.578824913281737
15.60447447606288
15.62856198047065
15.59028255585999
15.615234348208116
15.577766576402244
15.603480591899347
15.627628623852676
15.650306040660048
15.610702402783852
15.573510626454317
15.59948382930325
15.62387526409868
15.646781260515072
15.607392281749705
15.57040209179115
15.596564604401069
15.560233819993044
15.587015580355468
15.55126633151182
15.517694211922752
15.486166634416659
15.456559086380686
15.489654638020102
15.520734670564678
15.54992192912729
15.51643168364344
15.484980994109556
15.516345651568283
15.606700201387774
15.630652159123258
15.65314544263265
15.674268885176323
15.694105910069085
15.712734860145877
15.730229307162993
15.746658342356767
15.76208684930724
15.71567576018443
15.732991106389198
15.749251948010096
15.76452250437628
15.717963083859766
15.674239132052708
15.6331779689107
15.65551743060404
15.615596419080255
15.639006597158268
15.600091095391331
15.563545547682
15.590125623828166
15.554186973337032
15.520436986660808
15.549642374173166
15.57706915358602
15.541925642132632
15.569822370526754
15.596020188161676
15.62062255870263
15.582826644877642
15.608232502204594
15.632091142820334
15.593596792222577
15.557446747576224
15.58439824064883
15.548808387793319
15.576285956976706
15.602090142196825
15.56542285253704
15.530988600817535
15.559551395027746
15.586374715070557
15.550664494922762
15.517129027181968
15.485635869426588
15.516960644978509
15.51310333722983
15.542755343992534
15.50970154354339
15.600460719541598
15.624792661721514
15.586742788622676
15.551010152795556
15.578353634490306
15.604031898149845
15.567246355552522
15.532701052499375
15.500259558402165
15.530693751295473
15.559274501841578
15.525214684679428
15.554129110382451
15.58128264756016
15.545882534323749
15.512638287983433
15.542318616245243
15.509291412515909
15.53917556549369
15.445439773555124
15.418312491345619
15.392837260622672
15.368913471450753
15.346446641039403
15.386248040600103
15.362725534927558
15.340635549850472
15.31989084486458
15.300409492412328
15.343014554324418
15.322124967966062
15.363407557416929
15.402176037170237
15.43858351650657
15.411873780351321
15.447690667127926
15.420426305499836
15.455722343494896
15.42796885277606
15.462805549641997
15.434620691668801
15.408152291546173
15.383295816991012
15.359953101736261
15.338031957840524
15.317445811608037
15.359013361681107
15.33714944795473
15.377517046574287
15.415426258437913
15.390126799299045
15.488168077221733
15.458438641318931
15.491419728062608
15.522392266623596
15.49057857758622
15.46070234221122
15.432645569570559
15.406297454383713
15.442453939411745
15.47640849450157
15.447395217186425
15.420148848459775
15.394561783588577
15.431432970968032
15.405158703036081
15.441384538021184
15.353604219655695
15.332069722678664
15.372746676567534
15.350046403964573
15.328728577963131
15.369609007565177
15.347099819004459
15.32596144002709
15.306110388329442
15.28746826568018
15.26996144830026
15.253520796098774
15.29898137961636
15.280773413597725
15.263674312709625
15.247616547065611
15.232536699349318
15.218375214358947
15.205076163804488
15.192587025428796
15.241758475580182
15.22703538441735
15.274108929506333
15.318315695699397
15.359830269831303
15.398816606398576
15.435428675068902
15.408911068757208
15.384008384669896
15.421522274043499
15.395851567554251
15.371744207090199
15.410004984878405
15.385035681299312
15.396757549502217
15.372595014737534
15.34990397834002
15.389494826059114
15.365774591152116
15.343498918550953
15.3225798344112
15.30293472249556
15.345385997895582
15.324351990623743
15.365498954394758
15.343240068072118
15.383236747926526
15.4207976299778
15.395171054312154
15.371105137104546
15.409404834254879
15.384472079848758
15.421957730185968
15.396260504417643
15.43302823969861
15.406656819900967
15.381891419569
15.358634232117248
15.397693407381308
15.373473878871788
15.350729319648497
15.268469904081906
15.313020086923318
15.29395716362969
15.276055172364643
15.259243412367638
15.30435548855445
15.285820239301485
15.268413786728026
15.31296738711629
15.29390767324091
15.27600869594054
15.32009976635776
15.361505690586572
15.33948999402985
15.318815053393434
15.299399216641776
15.281165804348293
15.264042806863483
15.247962599925499
15.293761677590036
15.275871591424805
15.259071011507036
15.304193586906257
15.285668197463668
15.207371004238132
15.25564211008003
15.240073505576158
15.28635302908657
15.2689141296152
15.252537259121635
15.237157740041129
15.222714833672626
15.209151500301964
15.196414173933576
15.184452550741023
15.173219390400897
15.162670329525485
15.152763706457383
15.143460396734131
15.073823658573025
15.130227797765928
15.122296924881985
15.114849042156674
15.107854735489335
15.101286382098037
15.095118041428268
15.211125352705286
15.259167818725535
15.24338449856515
15.167662382602535
15.157451743502042
15.208762932322768
15.196049269744313
15.184109869216886
15.17289757818158
15.162368115670324
15.152479897426003
15.14319387167276
15.195373364887889
15.244375126966217
15.290392681733975
15.333607767416376
15.374191054380718
15.351402819168934
15.390902387481546
15.36709643208392
15.344740259370012
15.384645577574378
15.422120661900099
15.396413513590383
15.372271930612731
15.349600570038417
15.328309895323079
15.308315822697905
15.228639389095603
15.275615250299682
15.258830281556433
15.303967517409646
15.346355895599398
15.325262821557397
15.244554315724553
15.290560957896927
15.272865795561007
15.195348268611342
15.183451559052912
15.23317935910659
15.218978736137
15.266542931106256
15.292257749185833
15.335359252260416
15.314935873797758
15.295756279083475
15.338644721687292
15.318021258136538
15.298653763516024
15.341365749317898
15.32057657518444
15.301053461755709
15.282719305934787
15.326401700203359
15.367423836660974
15.284147725008323
15.266843128555317
15.2505923820263
15.2353313059609
15.220999629427883
15.207540751995726
15.194901520199188
15.183032017619059
15.110985367746059
15.104226358850326
15.158778973596341
15.149109334104326
15.140028575657373
15.13150083539984
15.184392434523991
15.112262935261482
15.10542612250406
15.099005671643564
15.092976226240472
15.087313974062429
15.081996553042028
15.19880296296177
15.1866958625174
15.175326084490091
15.164648725944646
15.15462161853462
15.145205161965864
15.136362167602144
15.128057711595174
15.120258996959029
15.052035224044225
15.048866278899933
15.106790322514927
15.100286791873769
15.094179326248659
15.088443805280116
15.08305757753856
15.077999371066463
15.073249209368518
15.068788332517977
15.064599123067634
15.060665036472816
15.056970535751622
15.114401030124348
15.107434007389777
15.100891276339741
15.094746997610653
15.149876905456164
15.140749401913885
15.132177763337332
15.12412813755009
15.109469698074319
15.102802993461594
15.218342291159784
15.205045245628154
15.2534579901694
15.238022398568084
15.284426834495289
15.328005240274525
15.308029721141807
15.289270711124272
15.271654124816806
15.255110388615464
15.178674165948783
15.167792909242504
15.157574321069637
15.147978044916497
15.138966181981084
15.130503141498437
15.122555500181184
15.115091870220152
15.168982775323745
15.219591724306529
15.267118588296261
15.250851066269021
15.235574236333239
15.221227765340545
15.268654994431307
15.252293905270442
15.297829206439472
15.340591407767308
15.31984939103428
15.300370563120294
15.28207799582627
15.264899445880452
15.309667069626332
15.29080834508609
15.273098116870349
15.256466441552947
15.240847635262373
15.226180014274895
15.212405651405556
15.199470147234958
15.24822241526835
15.233105670178508
15.218909534864638
15.205577944191383
15.193058247390129
15.12040100012407
15.113068579216517
15.106182702742233
15.160616176145231
15.150834651017988
15.141648820770994
15.133022407586042
15.124921342964054
15.117313633177545
15.110169232917034
15.103459926632388
15.097159217100478
15.09124222077906
15.085685569533617
15.08046731834902
15.075566858661567
15.070964836969079
15.066643078397664
15.062584514923248
14.997873117964424
14.998002645080392
15.059024283994995
15.1163297050997
15.10924522605913
15.04169219179213
15.03915313731199
14.97586871124969
15.038238306734584
15.03590959385445
15.033722699588715
15.031668987183764
15.029740345864274
15.027929158801141
15.026228273030153
15.085530971202617
15.08032213505638
15.075430517031448
15.070836798544233
15.12742283751289
15.180562786708355
15.108666512997818
15.102048722356253
15.095833955164759
15.089997667295226
15.084516809356948
15.14026973566711
15.070827308764985
15.066513925661198
15.062463227588433
15.058659217028298
15.055086870711277
15.11263208028496
15.105772786595608
15.099331223891937
15.09328195235692
15.087601081458384
15.08226617559757
15.07725616550368
15.072551265024508
15.007232892984517
15.006792409801761
15.006378752044835
15.127790286045304
15.120007857625147
15.112699379095778
15.105835986908847
15.0993905753061
15.09333768926996
15.087653423993421
15.021415330472223
15.081011136846465
15.076077558612516
15.071444435293015
15.067093469183673
15.06300747691039
14.998270321566547
14.998375658983147
14.998474581351074
14.998567479346795
14.998654719854576
14.937836647415434
14.941622395587835
14.945177591696538
14.94851627636222
14.890751635131762
14.89740486055224
14.90365290454461
14.909520442657843
14.915030647699982
14.920205281255054
14.925064779626624
14.990528334547362
14.99110515897343
14.991646854791949
14.992155561335121
14.992633287649813
14.93218192043194
14.936312041477636
14.94019063815165
14.882933028288216
14.890062406865464
14.896757606287359
14.903045068064461
14.908949623419337
14.914494591353101
14.919701870739699
14.924592026811652
14.929184372378824
14.994397044100953
14.872938264115206
14.880676323830592
14.88794313570931
14.894767398744614
14.907194441853662
14.851946300344775
14.86096277065378
14.869430137920967
14.877381842521581
14.884849288312019
14.891861966653819
14.837547572884603
14.847440925695931
14.85673177332105
14.926356808325798
14.991741678698757
14.992244610466004
15.053616913688625
15.050351643644989
15.047285228547011
15.105305558128498
15.098892449638473
15.092869899455492
15.087214122578654
15.081902782513616
15.076914903058539
15.072230785462276
15.006931930627625
15.006509776052404
15.006113330690814
15.005741028851745
15.005391400194675
15.00506306392282
15.004754723329922
15.004465160679132
15.004193232393774
15.003937864540996
15.00369804859045
14.942572837431294
14.94607015163173
14.888454479397359
14.895247601602062
14.901627022664497
14.84671793698423
14.856052814621892
14.86481919821142
14.873051709040345
14.880782859959789
14.88804318378824
14.894861353895537
14.901264297443301
14.846377301729005
14.85573292405371
14.86451878897884
14.933669594730029
14.937709116410971
14.880602631221544
14.887873930980154
14.894702408583465
14.962015031900732
14.964328316457978
14.966500721985689
14.907640828016762
14.913265501590542
14.85764763254368
14.866316891721771
14.813558193015917
14.885812499061247
14.953666517868417
14.956488226930231
14.959138093910182
14.961626583991054
14.963963525026
14.966158146351917
14.968219115239087
14.970154571121029
14.97197215773976
15.036181998985406
15.033978515247195
15.031909223668643
14.969065951947224
14.97094983547364
14.972718990493297
14.974380403972257
14.915040637370348
14.920214662554494
14.864173589604928
14.872445417997989
14.880213492041912
14.887508490376561
14.955259223312629
14.95798393661289
14.960542714873167
14.962945663537393
14.965202272627968
14.967321454224926
14.96931157766263
14.971180502582977
14.972935609975675
14.974583831328157
14.976131676000275
14.97758525693186
14.978950314784711
14.980232240614324
14.920536097160912
14.925375448843814
14.929920084009227
14.934187950893067
14.938195904683681
14.941959774088447
14.945494423846462
14.948813813434214
14.951931052196072
14.954858451117332
14.957607571444287
14.899289270343331
14.905422553779424
14.911182320254259
14.916591316950775
14.921670905748474
14.987341147588392
14.988112071700261
14.988836046533716
14.928615931299815
14.932963221083657
14.937045760919665
14.940879674079659
14.944480101928209
14.947861263720782
14.951036512760188
14.954018389133095
15.01771866923489
15.077539602278485
15.072817440499726
15.007482858373294
15.007027152298361
14.945699198723393
14.94900611752114
14.952111644964104
14.955028045785792
14.896866837797438
14.903147647375576
14.848145955650406
14.857393866951297
14.805178580453964
14.81704320490432
14.828185273725648
14.777748790555757
14.791283889210913
14.80399470035797
14.87683142310617
14.884332389439006
14.891376546922173
14.897991715214614
14.843304019758046
14.852846804954781
14.861808434533037
14.870224300869976
14.878127640946996
14.885549667613326
14.892519692855675
14.838165243560766
14.787120980227916
14.800085312532039
14.81226011699884
14.823693475873611
14.77353054319291
14.787322533112464
14.800274590845916
14.8733378682634
14.88105159208616
14.888295550128115
14.834198351125314
14.844295671541785
14.853778065144892
14.86268298097757
14.871045587436038
14.878898911161185
14.886273967471471
14.89319988285246
14.838804009986747
14.848620845778555
14.796939836270642
14.82091945264704
14.831825457980838
14.842067287589806
14.79078538977559
14.681726559538257
14.701109412062378
14.71931184886778
14.675505757271734
14.695267456653887
14.713825668543667
14.731253685329358
14.747620335892801
14.76299025743693
14.777424150759023
14.7909790199778
14.864608397661152
14.87285374624359
14.880596953097358
14.82696859865373
14.83750621099572
14.847402082746083
14.795795295906847
14.808231362386122
14.759010072416809
14.773686359006627
14.787468859743125
14.67861200618477
14.698184535008119
14.777465096826125
14.791017472429417
14.803744508358466
14.876596467799436
14.884111742910452
14.891169337767208
14.836897125097186
14.84683009017877
14.795258137686885
14.807726917101755
14.81943634785026
14.89133267426618
14.83705051440337
14.846974138076206
14.795393413067366
14.746953954211564
14.701464458400082
14.719645272883518
14.736718875764913
14.69185269623083
14.710618867030375
14.728242178028227
14.68389222938631
14.703143192616684
14.721221772186329
14.677299366260183
14.69695183485494
14.715407468112275
14.671839153304239
14.630924148868012
14.65340086820195
14.674508755328453
14.633431172128953
14.533955213746301
14.501437341229153
14.592699807148296
14.556604388892966
14.583607181609386
14.608965504249376
14.63277950504059
14.655143233183619
14.615245010282738
14.638676589156521
14.660681184876891
14.68134570071789
14.700751747544171
14.718975966118732
14.675190329782103
14.694971238698374
14.652647490261645
14.673801258104712
14.693666761486137
14.712322455711632
14.729842018158795
14.746294639252925
14.833446197212929
14.904489323802661
14.910305923983081
14.915768293212514
14.859998004155873
14.92942412570278
14.872822196447483
14.819667324683833
14.830649584610589
14.780063024907806
14.671657186690922
14.691653264021447
14.710431580242542
14.728066297005773
14.683727059518123
14.64208808159347
14.66388491742443
14.623454325953283
14.64638595750273
14.667921052690815
14.627244660581946
14.589045460752507
14.61407259219268
14.637575571328147
14.659647219034264
14.68037470339508
14.760739883958319
14.77531082502526
14.788994395781224
14.80184463707815
14.813912298680092
14.764345039690475
14.839596426773326
14.788465004382832
14.740447485615919
14.756254233741911
14.71019835090703
14.727847271336794
14.744421372512384
14.759986110926382
14.774602956770968
14.788329636703617
14.801220361828369
14.813326041793022
14.824694485847829
14.774470591659698
14.727305332627624
14.743912437870604
14.698608170404285
14.716962932826664
14.673299890217521
14.693195926903275
14.711880294954867
14.729426784992116
14.745904693786098
14.700479097934526
14.779619920870314
14.793041067689312
14.805644866667034
14.817481094287013
14.828596495644936
14.77813496906016
14.791646549444398
14.804335274583236
14.755351256361118
14.770250364848728
14.723342117629441
14.740190582665809
14.756012976181463
14.770871785932014
14.784825694168756
14.79792980939388
14.810235884001795
14.821792518666086
14.771745354279323
14.785646062203714
14.79870021701551
14.810959373799268
14.761571947934893
14.71519221630566
14.732537010332647
14.68792550640339
14.706930843063425
14.724778754720864
14.741539728558365
14.757279959089162
14.711161609580634
14.728751867557175
14.745270878822945
14.76078388230263
14.7753521438704
14.789033198308694
14.801881076531696
14.813946518970917
14.82527717596559
14.835917795949287
14.845910402175978
14.855294458683462
14.86410702614964
14.811482908257128
14.82296359914427
14.833745115956386
14.843870038394645
14.853378353056412
14.862307611355279
14.809793077823743
14.76047667938428
14.670671083348545
14.69072721437262
14.70956192701733
14.727249605661976
14.743860104677163
14.698559024302325
14.716916779722315
14.734156547837227
14.689446414073942
14.64745912745684
14.668928866594719
14.628191098619101
14.6508342607132
14.672098454235767
14.63116765837281
14.592729547977907
14.678432318506053
14.698015790309036
14.655506628679216
14.676486274992653
14.696188260845602
14.775590395760105
14.789256940658316
14.802091192972226
14.875043839320217
14.882653669505617
14.828900061032726
14.900220047315834
14.906296646434301
14.912003180666453
14.917362186963867
14.922394829777769
14.927120984644304
14.931559316679468
14.935727354293691
14.939641558417208
14.943317387509602
14.946769358610268
14.950011104670905
14.953055428396448
14.895014352807106
14.840507978721154
14.789321042817038
14.741251391309483
14.757009181578736
14.710907322420592
14.66761306648518
14.687855430736233
14.706865035004398
14.724716954372632
14.74148169185134
14.757225456817594
14.711110426497404
14.667803801523714
14.688034550010922
14.707033245915259
14.72487492123902
14.680730038535566
14.700173579188752
14.718433008216158
14.674680438015795
14.694492399340634
14.713097812220791
14.730570155456547
14.746978432989245
14.7014874464202
14.658766860933211
14.618647959102379
14.641872298393046
14.60278227542091
14.687872834847777
14.64598137920555
14.667541113211934
14.687787859417329
14.645901578778815
14.667466172631187
14.626817482717948
14.588644298020427
14.613695860270983
14.576321782380482
14.602123785833513
14.626354447276253
14.64910946143713
14.67047869523561
14.690546542695763
14.648492258245593
14.608999079718437
14.571911035763586
14.537081653685584
14.565273380976134
14.530848232074689
14.498519574741342
14.529059732639595
14.557739994921846
14.584673629231107
14.609967005210933
14.633720014593589
14.65602646570484
14.676974453943417
14.696646709698264
14.654220925077642
14.614378870740415
14.637863197512326
14.659917328783827
14.680628363460894
14.639178096126127
14.600252150072047
14.56369679413266
14.529367659369983
14.558029168914352
14.524045192527469
14.553030840302547
14.580251262128124
14.544913960264523
14.511728700084415
14.480564422249275
14.451298048934296
14.484713997754199
14.455194915290969
14.48837354494975
14.519531596062311
14.548792121862117
14.576270681640716
14.602075797128798
14.565409381083656
14.530975949775662
14.498639514434325
14.529172368005277
14.557845770793756
14.523872963352417
14.552869099884257
14.580099371701307
14.544771319964699
14.572494746578851
14.5376298165122
14.50488816068661
14.595940471700795
14.620547696974217
14.582756342228489
14.608166480986775
14.632029142294682
14.654438567528937
14.675483258766425
14.695246328307551
14.713805826913623
14.670335052054584
14.629511647384462
14.652074388058749
14.673263057825972
14.693161337604371
14.711847812144267
14.79029628038468
14.742167236909255
14.757869252181482
14.772615014723632
14.786462760326964
14.738567178223054
14.693588437069272
14.651348901251755
14.611681753165524
14.635330334397745
14.596638717032924
14.62120341916562
14.583372130938436
14.608744768164287
14.571672211783083
14.536857374085494
14.56506276000369
14.530650437919466
14.498333826250171
14.467985296231538
14.439484991691039
14.412720355697056
14.387585686035107
14.424881717755571
14.45990642114426
14.431898120096575
14.405595524582695
14.357698266426054
14.396814442000709
14.433548442482866
14.468045342335662
14.439541380987421
14.473673310885289
14.505726606252376
14.535827855931608
14.503195939505375
14.533451306789498
14.56186412220602
14.588546597163674
14.613604109396407
14.576235619134167
14.541142869928898
14.508187269150229
14.538138664458982
14.566266019793431
14.531780419188014
14.560294991659465
14.587073026667404
14.612220279343362
14.635836064331352
14.597113648013574
14.560749426849549
14.526599786754414
14.555429859741071
14.460704181282841
14.493547296642717
14.524390266277177
14.553354899060897
14.58055558570809
14.545199750538469
14.511997085730677
14.54171646320968
14.569625930600212
14.53493571142666
14.563258126600779
14.528955706690793
14.557642304153324
14.584581887830389
14.60988085086152
14.633639107044056
14.595050485425075
14.619711910862689
14.581971455491152
14.546529393851742
14.513245753766173
14.481989087361814
14.513535951941481
14.482261612468246
14.45289188026893
14.425310764760555
14.399409339186638
14.435985310430173
14.470333805024977
14.502590476298957
14.471982716292352
14.44323896887015
14.477145715665959
14.448087541581904
14.481699010299568
14.574163540572325
14.600096980951472
14.624451074811528
14.586422004355507
14.611608904290257
14.574361922018982
14.539383280968027
14.445634839157075
14.41849567745241
14.45390929069556
14.487166214892202
14.579297792405267
14.604918556847787
14.568079016735759
14.533483004616553
14.561893889635407
14.588574551756611
14.613630361554636
14.57626027253596
14.48026602193852
14.511917821202466
14.419842025891237
14.394273646514462
14.370262381441732
14.347713402411932
14.326537656205046
14.30665151294216
14.227076435803983
14.213247480863522
14.200260709278934
14.248964832083848
14.294702873809943
14.276755468794919
14.32080106074531
14.301264276145922
14.404717281728635
14.380069999271363
14.35692373631574
14.335187080774112
14.31477418755497
14.356504439532875
14.395693319165325
14.371595596028158
14.348965424230045
14.388613429894436
14.364946872013865
14.464521607508221
14.436232241610972
14.470565698096864
14.381008247082766
14.418704844835426
14.39320571978495
14.430159491450048
14.403962778420741
14.379361445214919
14.356258333201332
14.395462200709373
14.432278552686174
14.405952788827587
14.38123026398799
14.358013340911121
14.336210328449635
14.376635119447053
14.353698040672729
14.393057829995762
14.369120608149021
14.407541163112748
14.382721906279183
14.420314142186783
14.394717010927609
14.370678744962119
14.348104409393926
14.326904850861837
14.367896345444352
14.345491458006792
14.385351028214181
14.422783150595938
14.457935656724647
14.490947375230117
14.461048680078605
14.49387081546182
14.463794082800197
14.496449023157666
14.527115277647367
14.555913957238644
14.582958797242812
14.608356606490727
14.632207689155443
14.593706240885878
14.55754953081593
14.523594764389241
14.491707843237938
14.461762835584748
14.433641478897638
14.407232712832773
14.382432240621258
14.420042117167425
14.39446155223193
14.370438843701006
14.347879118119616
14.326693279826133
14.306797659084722
14.288113681646465
14.270567558434196
14.314989994125556
14.356707103483311
14.334983640881179
14.436383137151514
14.409807404098988
14.38485013318936
14.36141276007813
14.339402722989373
14.379633097159322
14.41741344154232
14.452892962952395
14.425311781508595
14.338510294014723
14.317895017109228
14.298535210567277
14.34125441624373
14.320472022294489
14.300955276136756
14.28262709982003
14.32631510944099
14.306442519276036
14.287780169852127
14.270254357508133
14.314695867135889
14.356430888827315
14.334724247697734
14.314339541012943
14.295196262965256
14.277218810550673
14.32123618498814
14.362572901322363
14.340492211631831
14.319756235943455
14.3002830811745
14.281995841530975
14.26482229478174
14.248694617029532
14.233549114852435
14.341125973757922
14.381251401956066
14.358033191576942
14.397128970209907
14.372943815924126
14.411131537534349
14.386093626898509
14.423480525020391
14.39769056104665
14.37347120587891
14.289826809440886
14.272176356745938
14.255600816620111
14.240034726887949
14.286316612020475
14.32977993034843
14.309696332590212
14.290835825935469
14.273123924136
14.31739067715612
14.298061584917313
14.27990963439585
14.323763137661144
14.304045962577582
14.28552956345661
14.268140813042104
14.25181103752784
14.297375745342396
14.279265562451046
14.26225828969778
14.246286759855186
14.231287896180007
14.217202463302646
14.203974833287516
14.191552765940308
14.179887202494545
14.168932071862628
14.158644108686195
14.148982682467206
14.200809637104955
14.188580330205264
14.177095788095764
14.227210654600734
14.27427352573555
14.257570268018256
14.241884238695945
14.288053488559363
14.392311031106098
14.429319289311739
14.464073744592655
14.435811653546963
14.409270723845955
14.445246136763737
14.418130647034827
14.453566490630408
14.425944291351017
14.400004284007743
14.436544023111672
14.409958492104172
14.38499201993503
14.422446005920989
14.457619044160403
14.490650044371035
14.46076945666884
14.349165453215166
14.327901277114364
14.3688320893381
14.346370215097412
14.386176268997982
14.362658134216007
14.340572253842254
14.380731403583262
14.418444861105042
14.392961569063747
14.369030209507766
14.346556269748744
14.325450992921047
14.366531027452156
14.344209287880322
14.323246942248412
14.303561203465485
14.285074326174438
14.267713299710417
14.251409559758054
14.23609871756879
14.221720305668851
14.208217539053619
14.256437090925255
14.240820072087908
14.287054129697756
14.330472533199163
14.310346755927336
14.230546638491361
14.216506348207238
14.203321111601419
14.190938855904893
14.179310679580286
14.229290659193849
14.215326858048945
14.202213452393766
14.189898653142986
14.239233825166579
14.224664485213935
14.210982418064408
14.198133588804286
14.246967253246106
14.29282694752342
14.274993786419245
14.258246664826315
14.242519442938393
14.227750008863447
14.274780033323665
14.258045929294255
14.242330932200236
14.227572978429244
14.274613784042904
14.257889804594692
14.242184315494876
14.227435290681239
14.213584481478753
14.200577186556698
14.188362035895397
14.176890787909368
14.22701813892569
14.274092734265118
14.257400486748374
14.302624797105398
14.284194946961682
14.266887474691718
14.311534027482994
14.292561605209281
14.274744603452037
14.258012657101808
14.24229968628431
14.227543635389598
14.152786227994373
14.143481546709516
14.134743520514908
14.18743764011555
14.176022687832516
14.165302906143516
14.155235959159377
14.145782089246572
14.136903960011457
14.189466508846762
14.177927998457996
14.167092183351905
14.217816269385775
14.204551258580183
14.131194086932652
14.123204367038454
14.176601221085814
14.165846206721689
14.15574617273234
14.207161230812941
14.194545111856435
14.182697314544379
14.171571048088628
14.161122371260031
14.151310018850296
14.142095238702314
14.194341638665344
14.121606232870626
14.114200413288806
14.16814560811952
14.218805540585043
14.205480283163416
14.192966533918765
14.120314872003114
14.112987696298125
14.167006745593572
14.156836034786924
14.147284720268402
14.138315080804057
14.129891692383092
14.182881288316963
14.171743817858461
14.161284619350882
14.212362386032416
14.260329516723043
14.244475449154612
14.290486894301097
14.272796242438162
14.240581409541113
14.22593000170006
14.212170864596528
14.1992496589426
14.187115354712997
14.175720029610977
14.10411867980767
14.158677852207385
14.149014371007956
14.139939395813572
14.131417086608527
14.12341378603407
14.115897886464596
14.169739705178904
14.15940255713351
14.14969494140408
14.140578519472573
14.132017287636694
14.18487743481962
14.173618399039107
14.223945038537627
14.210306785690687
14.197499102442125
14.185471407103401
14.235076198410805
14.220760057927588
14.2073157703998
14.194690239982453
14.182833604367524
14.171699037861544
14.222142566455776
14.20861408415862
14.135009486433361
14.126787408709571
14.11906605551916
14.111814932738044
14.105005403334298
14.037710574271241
14.035414000298124
14.03325728767997
14.03123191886026
14.029329895001672
14.027543704396072
14.025866292798352
14.024291035566932
14.022811711500907
14.082322478270504
14.138209039343831
14.190692108847793
14.179078959418964
14.229073050790351
14.21512250199722
14.20202154162559
14.128818429740594
14.060073387369393
14.056414918078598
14.113879249567614
14.106944003268946
14.100431113469869
14.094314858659555
14.088571083767189
14.083177104765769
14.078111619085535
14.073354621483228
14.0688873250349
14.064692086940276
14.121652338845616
14.11424371140992
14.107286269385057
14.100752535579508
14.094616706162718
14.149754548757409
14.140634496738084
14.132069855886735
14.184926801663234
14.173664759441944
14.102188575591931
14.095965291338384
14.029221005095877
14.02744144588554
14.025770261831111
14.024200852885597
14.022727020944865
14.021342945369325
14.020043159996334
14.018822531552559
14.017676239381009
14.016599756402707
14.015588831237784
14.014639471415403
14.013747927606207
14.012910678814992
14.01212441847516
14.011386041390024
13.949792631469373
13.95285026021289
13.955721679365926
13.897518229092542
13.903759368940808
13.909620423372314
13.854224539588941
13.863102265127976
13.871439337181684
13.879268681547321
13.886621218841091
13.95442598661367
13.957201444028899
13.95980787608754
13.96225557643381
13.964554211828991
13.966712860328608
13.968740047134597
13.970643778264101
13.97243157216782
13.9741104894228
13.975687160616953
13.977167812535383
13.978558292751979
14.040764092723384
14.09918155947653
14.093141402504411
14.087469091091894
14.082142223444398
14.077139762036635
14.072441950528606
14.068030235741416
14.063887194384765
14.059996464246735
14.11724267957411
14.171002600388048
14.160588542024417
14.211708699815132
14.137915639996391
14.129516577520613
14.121629017949608
14.17512181075648
14.164456892481411
14.154441467729294
14.14503598234458
14.136203291019797
14.188808510596692
14.238210072301355
14.223703078898204
14.210079561393306
14.136385716104455
14.128079825993694
14.18117976459068
14.17014591692711
14.15978403058625
14.210953183123548
14.198106134271326
14.186041470694203
14.174711545128927
14.154079650857916
14.14469620012067
14.135884201533322
14.127608853659945
14.119837474472055
14.112539372276709
14.105685724505058
14.099249463882702
14.093205171532246
14.087528976585933
14.082198461911851
14.01629257558142
14.076200357728514
14.132459755942849
14.06349295680593
14.12052623573645
14.174086187980102
14.224384339132115
14.21071933287897
14.197886525506641
14.185835236103289
14.1745178702246
14.224789731927924
14.211100037253514
14.198244044984776
14.247070982645205
14.232024359802114
14.217894076290166
14.204624327044097
14.192162705527114
14.119559996760513
14.051378792957799
14.04824982446667
14.04531141015665
14.042551945278111
14.039960531810676
14.037526935423408
14.035241545056124
14.033095334962207
13.97017982906301
13.971995877473073
13.973701328534965
13.975302917627186
13.976806969943691
13.917319425474123
13.92235467246275
13.86618327290977
13.874332711589567
13.881985849453763
13.88917291122203
13.895922280928609
13.902260614020058
13.908212942626237
13.9138027744203
13.919052185458106
13.923981907363709
13.92861140920526
13.932958974384661
13.997941772844637
13.9980671188784
13.998184831338707
13.99829537511018
13.99839918676597
14.059396676291925
14.055779418705749
14.05238245210657
14.049192360773281
14.04619654600219
14.104283176350657
14.097932330910904
14.09196825195843
14.086367385414164
14.081107611642443
14.07616815809342
14.132429517265532
14.124364559664063
14.116790757980523
14.109678200819511
14.102998798389605
14.09672617156768
14.090835547719209
14.08530366286311
14.141008669794749
14.19332124180425
14.181547978178372
14.109591706307311
14.102917571393197
14.035749891295353
14.033572722915467
14.031528144089917
13.968708080114842
13.97061375803585
13.972403380171468
13.974084014319027
13.975662297847
13.97714446390812
13.978536366056117
13.9798435013633
13.920171032130277
13.925032616273544
13.929598129942487
13.93388560382899
13.937911970555806
13.94169313154896
14.06666984902952
14.062609655223623
14.058796727220505
14.055216006532778
14.051853351734932
14.048695482614276
14.045729927723068
14.042944975124735
14.04032962613964
14.037873551907737
14.035567052596557
14.094301019093429
14.14945808703064
14.140356089530474
14.13180840367807
14.123781271894076
14.116242992435728
14.109163794196393
14.102515719129833
14.096272511834828
14.090409515864089
14.084903576347967
14.079732948548378
14.074877211981782
14.070317189772092
14.066034872914974
14.062013349154453
14.058236736190949
14.054690118956922
13.990459490712446
13.99104050772806
13.930686140807422
13.934907354832252
13.93887149692297
13.88169422276036
13.888899044594256
13.895665092778467
13.90201908862826
13.9079861261308
13.913589771049436
13.918852153992527
13.923794057814384
13.928434999693488
13.932793308212156
13.936886195742037
13.940729826421348
13.94433937999229
13.94772911175076
13.95091240884514
13.953901843146472
13.895809220898853
13.902154439346115
13.908113233989937
13.913709138039952
13.91896425153332
13.984799328614942
13.924825049502294
13.929403203987606
13.872802548864762
13.880548873638899
13.887823447234291
13.894654999297725
13.901070509840494
13.90709531579121
13.912753211059528
13.918066540506004
13.923056288189189
13.927742160238468
13.932142662679947
13.93627517452274
13.940156016394306
13.943800514995894
13.947223063632645
13.950437179057419
13.953455554852823
13.895390111562287
13.901760853768145
13.907743617773667
13.913362031451252
13.918638283735872
13.923593212256359
13.928246385629947
14.054416180745083
14.112002235337709
14.105181299205643
14.03787575808402
14.035569124416705
14.033402964739729
14.03136872418708
14.02945836888409
14.02766435421905
14.025979595047112
14.024397437708744
14.022911633752283
13.96061631525677
13.963014781657634
13.904367181454685
13.910191220104096
13.915660574799757
13.981696845794453
13.921911507885572
13.865767097055341
13.873941880844672
13.881618820301233
13.888828234144889
14.017398594685465
14.016339020269122
14.076243973934734
14.07160071592211
14.067240232322455
14.063145302174018
14.059299753271622
14.055688398297383
14.052296974841074
14.049112089073253
14.046121162848694
14.04331238403121
14.040674659843711
14.09909757305923
14.093062530859925
14.087395022730556
14.021172665846267
14.01988325049623
14.01867236054101
14.078435213784065
14.073658509264616
14.069172706050402
14.064960088251935
14.061004018877393
13.99638887412776
13.996608791693381
13.935915316279255
13.93981807351785
13.943483152840615
13.946925028832624
13.950157294576718
13.953192715336996
14.016943278972974
14.015911433283522
14.014942426996557
14.074932433192467
14.070369048011047
14.005183572987175
14.004867893392257
14.00457143868467
14.004293038068774
14.004031592050387
14.00378606809452
14.003555496547564
14.003338966807819
14.003135623729223
14.063844664244115
14.05995652419165