
0.38
0.38
0.38
0.38
0.38
0.38
0.38
0.38
0.38
0.38
0.38
0.38
0.38
0.38
0.38
0.38
0.38
0.38
0.38
0.38
0.39
0.39
0.39
0.39
0.39
0.39
0.39
0.39
0.39
0.39
0.39
0.39
0.39
0.41
0.41
0.41
0.41
0.41
0.41
0.41
0.41
0.41
0.41
0.41
0.41
0.41
0.41
0.41
0.41
0.47
0.47
0.47
0.47
0.47
0.47
0.47
0.47
0.47
0.47
0.47
0.47
0.47
0.47
0.47
0.47
0.47
0.57
0.57
0.57
0.57
0.57
0.57
0.57
0.57
0.57
0.57
0.57
0.71
0.71
0.71
0.71
0.71
0.71
0.71
0.71
0.71
0.71
0.71
0.71
0.71
0.71
0.71
0.71
0.92
0.92
0.92
0.92
0.92
0.92
0.92
0.92
0.92
0.92
0.92
0.92
0.92
0.92
1.19
1.19
1.19
1.19
1.19
1.19
1.19
1.19
1.19
1.19
1.19
1.19
1.19
1.19
1.5
1.5
1.5
1.5
1.5
1.5
1.5
1.5
1.5
1.5
1.5
1.5
1.5
1.5
1.5
1.5
1.5
1.88
1.88
1.88
1.88
1.88
1.88
1.88
1.88
1.88
1.88
1.88
1.88
1.88
2.31
2.31
2.31
2.31
2.31
2.31
2.31
2.31
2.31
2.31
2.31
2.31
2.31
2.31
2.79
2.79
2.79
2.79
2.79
2.79
2.79
2.79
2.79
2.79
2.79
2.79
2.79
2.79
2.79
2.79
3.34
3.34
3.34
3.34
3.34
3.34
3.34
3.34
3.34
3.34
3.34
3.34
3.34
3.34
3.97
3.97
3.97
3.97
3.97
3.97
3.97
3.97
3.97
3.97
3.97
3.97
4.69
4.69
4.69
4.69
4.69
4.69
4.69
4.69
4.69
4.69
4.69
4.69
4.69
4.69
4.69
4.69
4.69
5.53
5.53
5.53
5.53
5.53
5.53
5.53
5.53
5.53
5.53
5.53
6.47
6.47
6.47
6.47
6.47
6.47
6.47
6.47
6.47
6.47
6.47
6.47
6.47
6.47
6.47
7.51
7.51
7.51
7.51
7.51
7.51
7.51
7.51
7.51
7.51
7.51
7.51
7.51
7.51
7.51
7.51
8.61
8.61
8.61
8.61
8.61
8.61
8.61
8.61
8.61
9.8
9.8
9.8
9.8
9.8
9.8
9.8
9.8
9.8
9.8
9.8
9.8
9.8
9.8
9.8
11.06
11.06
11.06
11.06
11.06
11.06
11.06
11.06
11.06
11.06
11.06
11.06
11.06
11.06
12.39
12.39
12.39
12.39
12.39
12.39
12.39
12.39
12.39
12.39
12.39
13.79
13.79
13.79
13.79
13.79
13.79
13.79
13.79
13.79
13.79
13.79
13.79
13.79
13.79
13.79
15.27
15.27
15.27
15.27
15.27
15.27
15.27
15.27
15.27
15.27
15.27
15.27
15.27
15.27
16.82
16.82
16.82
16.82
16.82
16.82
16.82
16.82
16.82
16.82
16.82
16.82
16.82
16.82
16.82
16.82
18.43
18.43
18.43
18.43
18.43
18.43
18.43
18.43
18.43
18.43
18.43
18.43
18.43
18.43
20.11
20.11
20.11
20.11
20.11
20.11
20.11
20.11
20.11
20.11
20.11
21.86
21.86
21.86
21.86
21.86
21.86
21.86
21.86
21.86
21.86
21.86
21.86
21.86
21.86
21.86
23.65
23.65
23.65
23.65
23.65
23.65
23.65
23.65
23.65
23.65
23.65
23.65
23.65
23.65
23.65
23.65
23.65
23.65
25.5
25.5
25.5
25.5
25.5
25.5
25.5
25.5
25.5
25.5
25.5
25.5
27.39
27.39
27.39
27.39
27.39
27.39
27.39
27.39
27.39
27.39
27.39
27.39
27.39
27.39
27.39
29.3
29.3
29.3
29.3
29.3
29.3
29.3
29.3
29.3
29.3
29.3
29.3
29.3
29.3
29.3
29.3
29.3
31.21
31.21
31.21
31.21
31.21
31.21
31.21
31.21
31.21
31.21
31.21
31.21
31.21
31.21
31.21
31.21
33.14
33.14
33.14
33.14
33.14
33.14
33.14
33.14
33.14
33.14
33.14
33.14
33.14
33.14
35.07
35.07
35.07
35.07
35.07
35.07
35.07
35.07
35.07
35.07
35.07
37
37
37
37
37
37
37
37
37
37
37
37
37
38.93
38.93
38.93
38.93
38.93
38.93
38.93
38.93
38.93
38.93
38.93
38.93
38.93
38.93
38.93
38.93
38.93
40.87
40.87
40.87
40.87
40.87
40.87
40.87
40.87
40.87
40.87
40.87
42.81
42.81
42.81
42.81
42.81
42.81
42.81
42.81
42.81
42.81
42.81
42.81
42.81
42.81
42.81
42.81
44.75
44.75
44.75
44.75
44.75
44.75
44.75
44.75
44.75
44.75
44.75
44.75
44.75
44.75
44.75
44.75
44.75
44.75
46.67
46.67
46.67
46.67
46.67
46.67
46.67
46.67
46.67
46.67
46.67
46.67
46.67
46.67
48.59
48.59
48.59
48.59
48.59
48.59
48.59
48.59
48.59
48.59
48.59
48.59
48.59
48.59
48.59
48.59
50.5
50.5
50.5
50.5
50.5
50.5
50.5
50.5
50.5
50.5
50.5
50.5
50.5
50.5
50.5
50.5
50.5
52.39
52.39
52.39
52.39
52.39
52.39
52.39
52.39
52.39
52.39
52.39
52.39
52.39
52.39
54.25
54.25
54.25
54.25
54.25
54.25
54.25
54.25
54.25
54.25
54.25
54.25
54.25
54.25
56.13
56.13
56.13
56.13
56.13
56.13
56.13
56.13
56.13
56.13
56.13
56.13
56.13
56.13
56.13
56.13
56.13
58.02
58.02
58.02
58.02
58.02
58.02
58.02
58.02
58.02
58.02
58.02
58.02
58.02
58.02
59.91
59.91
59.91
59.91
59.91
59.91
59.91
59.91
59.91
59.91
59.91
59.91
59.91
59.91
59.91
59.91
59.91
61.79
61.79
61.79
61.79
61.79
61.79
61.79
61.79
61.79
61.79
61.79
61.79
61.79
63.65
63.65
63.65
63.65
63.65
63.65
63.65
63.65
63.65
63.65
63.65
63.65
63.65
63.65
65.47
65.47
65.47
65.47
65.47
65.47
65.47
65.47
65.47
65.47
65.47
65.47
65.47
65.47
65.47
65.47
65.47
65.47
67.28
67.28
67.28
67.28
67.28
67.28
67.28
67.28
67.28
67.28
67.28
69.08
69.08
69.08
69.08
69.08
69.08
69.08
69.08
69.08
69.08
69.08
69.08
69.08
69.08
69.08
70.89
70.89
70.89
70.89
70.89
70.89
70.89
70.89
70.89
70.89
70.89
70.89
70.89
70.89
70.89
70.89
72.72
72.72
72.72
72.72
72.72
72.72
72.72
72.72
72.72
72.72
72.72
72.72
74.54
74.54
74.54
74.54
74.54
74.54
74.54
74.54
74.54
74.54
74.54
74.54
74.54
74.54
76.35
76.35
76.35
76.35
76.35
76.35
76.35
76.35
76.35
76.35
76.35
76.35
76.35
76.35
76.35
76.35
78.15
78.15
78.15
78.15
78.15
78.15
78.15
78.15
78.15
78.15
78.15
78.15
78.15
78.15
79.96
79.96
79.96
79.96
79.96
79.96
79.96
79.96
79.96
79.96
79.96
79.96
79.96
79.96
81.81
81.81
81.81
81.81
81.81
81.81
81.81
81.81
81.81
81.81
81.81
81.81
81.81
81.81
81.81
83.69
83.69
83.69
83.69
83.69
83.69
83.69
83.69
83.69
83.69
83.69
83.69
83.69
83.69
83.69
83.69
85.58
85.58
85.58
85.58
85.58
85.58
85.58
85.58
85.58
85.58
85.58
85.58
85.58
87.5
87.5
87.5
87.5
87.5
87.5
87.5
87.5
87.5
87.5
87.5
87.5
87.5
89.45
89.45
89.45
89.45
89.45
89.45
89.45
89.45
89.45
89.45
89.45
89.45
89.45
89.45
89.45
89.45
89.45
91.41
91.41
91.41
91.41
91.41
91.41
91.41
91.41
91.41
91.41
91.41
91.41
91.41
91.41
91.41
91.41
91.41
91.41
91.41
93.38
93.38
93.38
93.38
93.38
93.38
93.38
93.38
93.38
93.38
93.38
93.38
93.38
93.38
93.38
93.38
95.38
95.38
95.38
95.38
95.38
95.38
95.38
95.38
95.38
95.38
95.38
95.38
95.38
95.38
95.38
97.39
97.39
97.39
97.39
97.39
97.39
97.39
97.39
97.39
97.39
97.39
97.39
97.39
97.39
97.39
97.39
97.39
99.41
99.41
99.41
99.41
99.41
99.41
99.41
99.41
99.41
99.41
99.41
99.41
99.41
99.41
101.44
101.44
101.44
101.44
101.44
101.44
101.44
101.44
101.44
101.44
101.44
101.44
101.44
101.44
101.44
101.44
103.49
103.49
103.49
103.49
103.49
103.49
103.49
103.49
103.49
103.49
103.49
103.49
103.49
103.49
103.49
105.55
105.55
105.55
105.55
105.55
105.55
105.55
105.55
105.55
105.55
105.55
105.55
105.55
107.63
107.63
107.63
107.63
107.63
107.63
107.63
107.63
107.63
107.63
107.63
107.63
107.63
107.63
107.63
107.63
109.71
109.71
109.71
109.71
109.71
109.71
109.71
109.71
109.71
109.71
109.71
109.71
109.71
109.71
111.81
111.81
111.81
111.81
111.81
111.81
111.81
111.81
111.81
111.81
111.81
111.81
111.81
111.81
111.81
111.81
111.81
111.81
113.92
113.92
113.92
113.92
113.92
113.92
113.92
113.92
113.92
113.92
113.92
113.92
113.92
116.02
116.02
116.02
116.02
116.02
116.02
116.02
116.02
116.02
116.02
118.12
118.12
118.12
118.12
118.12
118.12
118.12
118.12
118.12
118.12
118.12
118.12
118.12
118.12
120.23
120.23
120.23
120.23
120.23
120.23
120.23
120.23
120.23
120.23
120.23
120.23
120.23
120.23
120.23
120.23
122.33
122.33
122.33
122.33
122.33
122.33
122.33
122.33
122.33
122.33
122.33
122.33
122.33
122.33
122.33
122.33
124.42
124.42
124.42
124.42
124.42
124.42
124.42
124.42
124.42
124.42
124.42
124.42
124.42
126.49
126.49
126.49
126.49
126.49
126.49
126.49
126.49
126.49
126.49
126.49
126.49
126.49
126.49
126.49
126.49
126.49
126.49
128.55
128.55
128.55
128.55
128.55
128.55
128.55
128.55
128.55
128.55
128.55
128.55
130.58
130.58
130.58
130.58
130.58
130.58
130.58
130.58
130.58
130.58
130.58
130.58
130.58
130.58
130.58
132.6
132.6
132.6
132.6
132.6
132.6
132.6
132.6
132.6
132.6
132.6
132.6
132.6
132.6
132.6
132.6
134.6
134.6
134.6
134.6
134.6
134.6
134.6
134.6
134.6
134.6
134.6
134.6
134.6
134.6
136.6
136.6
136.6
136.6
136.6
136.6
136.6
136.6
136.6
136.6
136.6
136.6
136.6
136.6
136.6
136.6
136.6
138.61
138.61
138.61
138.61
138.61
138.61
138.61
138.61
138.61
138.61
138.61
138.61
138.61
138.61
138.61
138.61
138.61
138.61
140.6
140.6
140.6
140.6
140.6
140.6
140.6
140.6
140.6
140.6
140.6
140.6
140.6
140.6
140.6
140.6
142.55
142.55
142.55
142.55
142.55
142.55
142.55
142.55
142.55
142.55
142.55
142.55
142.55
142.55
142.55
142.55
144.48
144.48
144.48
144.48
144.48
144.48
144.48
144.48
144.48
144.48
144.48
144.48
144.48
144.48
144.48
144.48
146.38
146.38
146.38
146.38
146.38
146.38
146.38
146.38
146.38
146.38
146.38
146.38
146.38
146.38
146.38
148.29
148.29
148.29
148.29
148.29
148.29
148.29
148.29
148.29
148.29
148.29
148.29
148.29
148.29
148.29
148.29
148.29
150.23
150.23
150.23
150.23
150.23
150.23
150.23
150.23
150.23
150.23
150.23
150.23
150.23
150.23
152.21
152.21
152.21
152.21
152.21
152.21
152.21
152.21
152.21
152.21
152.21
152.21
152.21
152.21
152.21
152.21
152.21
152.21
152.21
154.23
154.23
154.23
154.23
154.23
154.23
154.23
154.23
154.23
154.23
154.23
154.23
154.23
156.29
156.29
156.29
156.29
156.29
156.29
156.29
156.29
156.29
156.29
156.29
156.29
156.29
158.34
158.34
158.34
158.34
158.34
158.34
158.34
158.34
158.34
158.34
158.34
158.34
158.34
158.34
158.34
158.34
160.42
160.42
160.42
160.42
160.42
160.42
160.42
160.42
160.42
160.42
160.42
160.42
160.42
160.42
160.42
162.51
162.51
162.51
162.51
162.51
162.51
162.51
162.51
162.51
162.51
162.51
162.51
162.51
164.62
164.62
164.62
164.62
164.62
164.62
164.62
164.62
164.62
164.62
164.62
164.62
164.62
164.62
164.62
164.62
166.77
166.77
166.77
166.77
166.77
166.77
166.77
166.77
166.77
166.77
166.77
166.77
166.77
166.77
166.77
166.77
166.77
166.77
168.94
168.94
168.94
168.94
168.94
168.94
168.94
168.94
168.94
168.94
168.94
168.94
168.94
168.94
168.94
171.14
171.14
171.14
171.14
171.14
171.14
171.14
171.14
171.14
171.14
171.14
171.14
171.14
171.14
173.35
173.35
173.35
173.35
173.35
173.35
173.35
173.35
173.35
173.35
173.35
173.35
173.35
175.61
175.61
175.61
175.61
175.61
175.61
175.61
175.61
175.61
175.61
175.61
175.61
175.61
175.61
175.61
177.9
177.9
177.9
177.9
177.9
177.9
177.9
177.9
177.9
177.9
177.9
177.9
177.9
180.22
180.22
180.22
180.22
180.22
180.22
180.22
180.22
180.22
180.22
180.22
180.22
180.22
182.56
182.56
182.56
182.56
182.56
182.56
182.56
182.56
182.56
182.56
182.56
182.56
182.56
182.56
182.56
182.56
184.94
184.94
184.94
184.94
184.94
184.94
184.94
184.94
184.94
184.94
184.94
184.94
184.94
187.32
187.32
187.32
187.32
187.32
187.32
187.32
187.32
187.32
187.32
187.32
187.32
187.32
187.32
187.32
189.7
189.7
189.7
189.7
189.7
189.7
189.7
189.7
189.7
189.7
189.7
189.7
189.7
189.7
192.09
192.09
192.09
192.09
192.09
192.09
192.09
192.09
192.09
192.09
192.09
192.09
192.09
192.09
194.5
194.5
194.5
194.5
194.5
194.5
194.5
194.5
194.5
194.5
194.5
194.5
196.9
196.9
196.9
196.9
196.9
196.9
196.9
196.9
196.9
196.9
196.9
196.9
196.9
196.9
196.9
199.28
199.28
199.28
199.28
199.28
199.28
199.28
199.28
199.28
199.28
199.28
199.28
199.28
199.28
201.66
201.66
201.66
201.66
201.66
201.66
201.66
201.66
201.66
201.66
201.66
201.66
201.66
201.66
201.66
201.66
204.04
204.04
204.04
204.04
204.04
204.04
204.04
204.04
204.04
204.04
204.04
204.04
204.04
206.42
206.42
206.42
206.42
206.42
206.42
206.42
206.42
206.42
206.42
206.42
206.42
208.81
208.81
208.81
208.81
208.81
208.81
208.81
208.81
208.81
208.81
208.81
208.81
208.81
211.22
211.22
211.22
211.22
211.22
211.22
211.22
211.22
211.22
211.22
211.22
211.22
213.64
213.64
213.64
213.64
213.64
213.64
213.64
213.64
213.64
213.64
213.64
216.06
216.06
216.06
216.06
216.06
216.06
216.06
216.06
216.06
216.06
216.06
216.06
216.06
216.06
216.06
216.06
216.06
216.06
216.06
218.47
218.47
218.47
218.47
218.47
218.47
218.47
218.47
218.47
218.47
218.47
218.47
218.47
218.47
218.47
218.47
218.47
218.47
220.87
220.87
220.87
220.87
220.87
220.87
220.87
220.87
220.87
220.87
220.87
220.87
223.26
223.26
223.26
223.26
223.26
223.26
223.26
223.26
223.26
223.26
223.26
223.26
223.26
223.26
223.26
223.26
225.64
225.64
225.64
225.64
225.64
225.64
225.64
225.64
225.64
225.64
225.64
225.64
225.64
225.64
225.64
225.64
225.64
227.99
227.99
227.99
227.99
227.99
227.99
227.99
227.99
227.99
227.99
227.99
227.99
227.99
230.34
230.34
230.34
230.34
230.34
230.34
230.34
230.34
230.34
230.34
230.34
230.34
230.34
230.34
230.34
230.34
230.34
230.34
232.66
232.66
232.66
232.66
232.66
232.66
232.66
232.66
232.66
232.66
232.66
232.66
232.66
232.66
234.93
234.93
234.93
234.93
234.93
234.93
234.93
234.93
234.93
234.93
234.93
234.93
234.93
234.93
234.93
234.93
234.93
237.18
237.18
237.18
237.18
237.18
237.18
237.18
237.18
237.18
237.18
237.18
237.18
237.18
237.18
237.18
237.18
237.18
237.18
239.41
239.41
239.41
239.41
239.41
239.41
239.41
239.41
239.41
239.41
239.41
239.41
239.41
239.41
241.6
241.6
241.6
241.6
241.6
241.6
241.6
241.6
241.6
241.6
241.6
241.6
241.6
241.6
241.6
243.82
243.82
243.82
243.82
243.82
243.82
243.82
243.82
243.82
243.82
243.82
243.82
243.82
243.82
246.04
246.04
246.04
246.04
246.04
246.04
246.04
246.04
246.04
246.04
246.04
246.04
246.04
246.04
248.24
248.24
248.24
248.24
248.24
248.24
248.24
248.24
248.24
248.24
248.24
248.24
248.24
248.24
248.24
248.24
248.24
250.42
250.42
250.42
250.42
250.42
250.42
250.42
250.42
250.42
250.42
250.42
250.42
250.42
250.42
250.42
250.42
250.42
252.59
252.59
252.59
252.59
252.59
252.59
252.59
252.59
252.59
252.59
252.59
252.59
254.73
254.73
254.73
254.73
254.73
254.73
254.73
254.73
254.73
254.73
254.73
254.73
254.73
254.73
254.73
254.73
254.73
256.85
256.85
256.85
256.85
256.85
256.85
256.85
256.85
256.85
256.85
256.85
256.85
256.85
258.98
258.98
258.98
258.98
258.98
258.98
258.98
258.98
258.98
258.98
258.98
258.98
258.98
258.98
258.98
261.1
261.1
261.1
261.1
261.1
261.1
261.1
261.1
261.1
261.1
261.1
261.1
261.1
261.1
261.1
261.1
263.23
263.23
263.23
263.23
263.23
263.23
263.23
263.23
263.23
263.23
263.23
263.23
263.23
263.23
263.23
265.37
265.37
265.37
265.37
265.37
265.37
265.37
265.37
265.37
265.37
265.37
265.37
265.37
265.37
265.37
265.37
265.37
265.37
267.51
267.51
267.51
267.51
267.51
267.51
267.51
267.51
267.51
267.51
267.51
267.51
267.51
267.51
267.51
269.66
269.66
269.66
269.66
269.66
269.66
269.66
269.66
269.66
269.66
269.66
269.66
269.66
269.66
269.66
269.66
269.66
271.83
271.83
271.83
271.83
271.83
271.83
271.83
271.83
271.83
271.83
271.83
271.83
271.83
271.83
271.83
271.83
271.83
274
274
274
274
274
274
274
274
274
274
274
274
274
274
274
274
276.19
276.19
276.19
276.19
276.19
276.19
276.19
276.19
276.19
276.19
276.19
276.19
276.19
278.4
278.4
278.4
278.4
278.4
278.4
278.4
278.4
278.4
278.4
278.4
278.4
278.4
278.4
278.4
280.61
280.61
280.61
280.61
280.61
280.61
280.61
280.61
280.61
280.61
280.61
280.61
280.61
280.61
282.84
282.84
282.84
282.84
282.84
282.84
282.84
282.84
282.84
282.84
282.84
282.84
282.84
282.84
282.84
282.84
285.09
285.09
285.09
285.09
285.09
285.09
285.09
285.09
285.09
285.09
285.09
285.09
285.09
285.09
285.09
285.09
285.09
285.09
285.09
287.34
287.34
287.34
287.34
287.34
287.34
287.34
287.34
287.34
287.34
289.59
289.59
289.59
289.59
289.59
289.59
289.59
289.59
289.59
289.59
289.59
289.59
289.59
289.59
289.59
289.59
289.59
289.59
289.59
291.85
291.85
291.85
291.85
291.85
291.85
291.85
291.85
291.85
291.85
291.85
291.85
291.85
291.85
291.85
294.12
294.12
294.12
294.12
294.12
294.12
294.12
294.12
294.12
294.12
294.12
294.12
294.12
296.38
296.38
296.38
296.38
296.38
296.38
296.38
296.38
296.38
296.38
296.38
296.38
296.38
296.38
298.63
298.63
298.63
298.63
298.63
298.63
298.63
298.63
298.63
298.63
298.63
298.63
298.63
298.63
298.63
298.63
300.88
300.88
300.88
300.88
300.88
300.88
300.88
300.88
300.88
300.88
300.88
300.88
300.88
300.88
303.13
303.13
303.13
303.13
303.13
303.13
303.13
303.13
303.13
303.13
303.13
303.13
303.13
303.13
303.13
303.13
305.38
305.38
305.38
305.38
305.38
305.38
305.38
305.38
305.38
307.63
307.63
307.63
307.63
307.63
307.63
307.63
307.63
307.63
307.63
307.63
307.63
307.63
307.63
307.63
307.63
309.9
309.9
309.9
309.9
309.9
309.9
309.9
309.9
309.9
309.9
309.9
309.9
309.9
309.9
312.18
312.18
312.18
312.18
312.18
312.18
312.18
312.18
312.18
314.46
314.46
314.46
314.46
314.46
314.46
314.46
314.46
314.46
314.46
314.46
314.46
314.46
314.46
314.46
314.46
316.73
316.73
316.73
316.73
316.73
316.73
316.73
316.73
316.73
316.73
316.73
316.73
316.73
316.73
316.73
319
319
319
319
319
319
319
319
319
319
319
319
321.26
321.26
321.26
321.26
321.26
321.26
321.26
321.26
321.26
321.26
321.26
321.26
321.26
321.26
321.26
321.26
323.53
323.53
323.53
323.53
323.53
323.53
323.53
323.53
325.79
325.79
325.79
325.79
325.79
325.79
325.79
325.79
325.79
325.79
325.79
328.06
328.06
328.06
328.06
328.06
328.06
328.06
328.06
328.06
328.06
328.06
328.06
328.06
328.06
330.31
330.31
330.31
330.31
330.31
330.31
330.31
330.31
330.31
330.31
330.31
330.31
330.31
330.31
330.31
332.55
332.55
332.55
332.55
332.55
332.55
332.55
332.55
332.55
332.55
332.55
332.55
332.55
332.55
334.77
334.77
334.77
334.77
334.77
334.77
334.77
334.77
334.77
334.77
334.77
334.77
334.77
334.77
334.77
334.77
336.97
336.97
336.97
336.97
336.97
336.97
336.97
336.97
336.97
336.97
336.97
336.97
336.97
336.97
336.97
336.97
339.15
339.15
339.15
339.15
339.15
339.15
339.15
339.15
339.15
339.15
339.15
339.15
339.15
341.35
341.35
341.35
341.35
341.35
341.35
341.35
341.35
341.35
341.35
341.35
341.35
341.35
341.35
341.35
343.55
343.55
343.55
343.55
343.55
343.55
343.55
343.55
343.55
343.55
343.55
343.55
343.55
343.55
345.77
345.77
345.77
345.77
345.77
345.77
345.77
345.77
345.77
345.77
345.77
345.77
345.77
345.77
348.01
348.01
348.01
348.01
348.01
348.01
348.01
348.01
348.01
348.01
348.01
348.01
348.01
348.01
348.01
350.25
350.25
350.25
350.25
350.25
350.25
350.25
350.25
350.25
350.25
350.25
350.25
350.25
350.25
350.25
350.25
350.25
350.25
350.25
352.5
352.5
352.5
352.5
352.5
352.5
352.5
352.5
352.5
352.5
352.5
352.5
352.5
352.5
354.75
354.75
354.75
354.75
354.75
354.75
354.75
354.75
354.75
354.75
354.75
354.75
354.75
354.75
354.75
354.75
354.75
357.01
357.01
357.01
357.01
357.01
357.01
357.01
357.01
357.01
357.01
357.01
357.01
359.29
359.29
359.29
359.29
359.29
359.29
359.29
359.29
359.29
359.29
359.29
359.29
359.29
359.29
359.29
359.29
361.58
361.58
361.58
361.58
361.58
361.58
361.58
361.58
361.58
361.58
361.58
361.58
361.58
361.58
361.58
361.58
361.58
363.88
363.88
363.88
363.88
363.88
363.88
363.88
363.88
363.88
363.88
363.88
363.88
363.88
363.88
366.18
366.18
366.18
366.18
366.18
366.18
366.18
366.18
366.18
366.18
366.18
366.18
366.18
368.5
368.5
368.5
368.5
368.5
368.5
368.5
368.5
368.5
368.5
368.5
368.5
368.5
368.5
370.82
370.82
370.82
370.82
370.82
370.82
370.82
370.82
370.82
370.82
373.15
373.15
373.15
373.15
373.15
373.15
373.15
373.15
373.15
373.15
373.15
373.15
373.15
373.15
373.15
373.15
373.15
373.15
373.15
375.49
375.49
375.49
375.49
375.49
375.49
375.49
375.49
375.49
375.49
375.49
375.49
375.49
375.49
375.49
377.84
377.84
377.84
377.84
377.84
377.84
377.84
377.84
377.84
377.84
377.84
377.84
380.21
380.21
380.21
380.21
380.21
380.21
380.21
380.21
380.21
380.21
380.21
380.21
380.21
380.21
380.21
380.21
380.21
382.59
382.59
382.59
382.59
382.59
382.59
382.59
382.59
382.59
382.59
382.59
382.59
384.98
384.98
384.98
384.98
384.98
384.98
384.98
384.98
384.98
384.98
384.98
384.98
384.98
384.98
384.98
384.98
384.98
384.98
384.98
384.98
387.38
387.38
387.38
387.38
387.38
387.38
387.38
387.38
387.38
387.38
387.38
387.38
387.38
387.38
387.38
389.77
389.77
389.77
389.77
389.77
389.77
389.77
389.77
389.77
389.77
389.77
389.77
389.77
389.77
392.16
392.16
392.16
392.16
392.16
392.16
392.16
392.16
392.16
392.16
392.16
392.16
392.16
392.16
392.16
392.16
392.16
394.55
394.55
394.55
394.55
394.55
394.55
394.55
394.55
394.55
394.55
394.55
394.55
394.55
394.55
394.55
394.55
396.93
396.93
396.93
396.93
396.93
396.93
396.93
396.93
396.93
396.93
396.93
399.3
399.3
399.3
399.3
399.3
399.3
399.3
399.3
399.3
399.3
399.3
399.3
399.3
399.3
399.3
399.3
401.67
401.67
401.67
401.67
401.67
401.67
401.67
401.67
401.67
401.67
401.67
401.67
401.67
401.67
401.67
401.67
404.05
404.05
404.05
404.05
404.05
404.05
404.05
404.05
404.05
404.05
404.05
404.05
404.05
406.41
406.41
406.41
406.41
406.41
406.41
406.41
406.41
406.41
406.41
406.41
406.41
406.41
406.41
406.41
406.41
406.41
406.41
408.76
408.76
408.76
408.76
408.76
408.76
408.76
408.76
408.76
408.76
408.76
408.76
408.76
408.76
411.11
411.11
411.11
411.11
411.11
411.11
411.11
411.11
411.11
411.11
411.11
411.11
411.11
411.11
411.11
411.11
413.45
413.45
413.45
413.45
413.45
413.45
413.45
413.45
413.45
413.45
413.45
413.45
413.45
413.45
413.45
413.45
413.45
415.76
415.76
415.76
415.76
415.76
415.76
415.76
415.76
415.76
415.76
415.76
415.76
418.06
418.06
418.06
418.06
418.06
418.06
418.06
418.06
418.06
418.06
418.06
418.06
418.06
418.06
420.35
420.35
420.35
420.35
420.35
420.35
420.35
420.35
420.35
420.35
420.35
420.35
420.35
420.35
422.6
422.6
422.6
422.6
422.6
422.6
422.6
422.6
422.6
422.6
422.6
422.6
422.6
424.82
424.82
424.82
424.82
424.82
424.82
424.82
424.82
424.82
424.82
424.82
424.82
424.82
424.82
424.82
424.82
424.82
427.03
427.03
427.03
427.03
427.03
427.03
427.03
427.03
427.03
427.03
427.03
427.03
427.03
427.03
427.03
427.03
429.21
429.21
429.21
429.21
429.21
429.21
429.21
429.21
429.21
429.21
429.21
429.21
429.21
431.4
431.4
431.4
431.4
431.4
431.4
431.4
431.4
431.4
431.4
431.4
431.4
431.4
431.4
431.4
431.4
431.4
433.6
433.6
433.6
433.6
433.6
433.6
433.6
433.6
433.6
433.6
433.6
433.6
433.6
433.6
433.6
433.6
433.6
435.77
435.77
435.77
435.77
435.77
435.77
435.77
435.77
435.77
435.77
435.77
435.77
435.77
437.93
437.93
437.93
437.93
437.93
437.93
437.93
437.93
437.93
437.93
437.93
437.93
437.93
437.93
437.93
437.93
437.93
437.93
440.05
440.05
440.05
440.05
440.05
440.05
440.05
440.05
440.05
440.05
440.05
440.05
440.05
442.13
442.13
442.13
442.13
442.13
442.13
442.13
442.13
442.13
442.13
442.13
442.13
442.13
442.13
442.13
442.13
444.18
444.18
444.18
444.18
444.18
444.18
444.18
444.18
444.18
444.18
444.18
444.18
444.18
444.18
444.18
444.18
444.18
444.18
444.18
446.22
446.22
446.22
446.22
446.22
446.22
446.22
446.22
446.22
446.22
448.27
448.27
448.27
448.27
448.27
448.27
448.27
448.27
448.27
448.27
448.27
448.27
448.27
448.27
448.27
448.27
448.27
448.27
450.33
450.33
450.33
450.33
450.33
450.33
450.33
450.33
450.33
450.33
450.33
450.33
450.33
450.33
450.33
450.33
450.33
452.4
452.4
452.4
452.4
452.4
452.4
452.4
452.4
452.4
452.4
452.4
452.4
454.48
454.48
454.48
454.48
454.48
454.48
454.48
454.48
454.48
454.48
454.48
454.48
454.48
454.48
454.48
456.56
456.56
456.56
456.56
456.56
456.56
456.56
456.56
456.56
456.56
456.56
456.56
456.56
456.56
456.56
458.64
458.64
458.64
458.64
458.64
458.64
458.64
458.64
458.64
458.64
458.64
458.64
458.64
460.72
460.72
460.72
460.72
460.72
460.72
460.72
460.72
460.72
460.72
460.72
460.72
460.72
460.72
460.72
460.72
462.82
462.82
462.82
462.82
462.82
462.82
462.82
462.82
462.82
462.82
462.82
464.91
464.91
464.91
464.91
464.91
464.91
464.91
464.91
464.91
464.91
464.91
464.91
464.91
464.91
464.91
464.91
464.91
467
467
467
467
467
467
467
467
467
467
467
467
467
467
467
467
467
467
467
469.1
469.1
469.1
469.1
469.1
469.1
469.1
469.1
469.1
469.1
469.1
469.1
471.2
471.2
471.2
471.2
471.2
471.2
471.2
471.2
471.2
471.2
471.2
471.2
471.2
471.2
471.2
471.2
471.2
471.2
473.31
473.31
473.31
473.31
473.31
473.31
473.31
473.31
473.31
473.31
473.31
473.31
473.31
473.31
473.31
473.31
475.41
475.41
475.41
475.41
475.41
475.41
475.41
475.41
475.41
475.41
475.41
475.41
475.41
475.41
477.52
477.52
477.52
477.52
477.52
477.52
477.52
477.52
477.52
477.52
477.52
477.52
477.52
477.52
477.52
477.52
479.65
479.65
479.65
479.65
479.65
479.65
479.65
479.65
479.65
479.65
479.65
479.65
479.65
479.65
481.79
481.79
481.79
481.79
481.79
481.79
481.79
481.79
481.79
481.79
481.79
481.79
481.79
481.79
481.79
481.79
483.93
483.93
483.93
483.93
483.93
483.93
483.93
483.93
483.93
483.93
483.93
483.93
483.93
483.93
483.93
483.93
486.07
486.07
486.07
486.07
486.07
486.07
486.07
486.07
486.07
486.07
486.07
486.07
486.07
486.07
488.23
488.23
488.23
488.23
488.23
488.23
488.23
488.23
488.23
488.23
488.23
488.23
488.23
488.23
488.23
488.23
490.39
490.39
490.39
490.39
490.39
490.39
490.39
490.39
490.39
490.39
490.39
490.39
490.39
490.39
490.39
490.39
492.54
492.54
492.54
492.54
492.54
492.54
492.54
492.54
492.54
492.54
492.54
492.54
494.68
494.68
494.68
494.68
494.68
494.68
494.68
494.68
494.68
494.68
494.68
494.68
494.68
494.68
494.68
494.68
494.68
496.82
496.82
496.82
496.82
496.82
496.82
496.82
496.82
496.82
496.82
496.82
496.82
496.82
496.82
496.82
496.82
496.82
498.93
498.93
498.93
498.93
498.93
498.93
498.93
498.93
498.93
498.93
498.93
498.93
498.93
498.93
501.04
501.04
501.04
501.04
501.04
501.04
501.04
501.04
501.04
501.04
501.04
501.04
501.04
501.04
501.04
501.04
501.04
501.04
503.14
503.14
503.14
503.14
503.14
503.14
503.14
503.14
503.14
503.14
503.14
503.14
503.14
503.14
503.14
505.26
505.26
505.26
505.26
505.26
505.26
505.26
505.26
505.26
505.26
505.26
505.26
507.37
507.37
507.37
507.37
507.37
507.37
507.37
507.37
507.37
507.37
507.37
507.37
507.37
507.37
507.37
509.47
509.47
509.47
509.47
509.47
509.47
509.47
509.47
509.47
509.47
509.47
509.47
509.47
509.47
509.47
509.47
509.47
511.57
511.57
511.57
511.57
511.57
511.57
511.57
511.57
511.57
511.57
511.57
511.57
511.57
513.64
513.64
513.64
513.64
513.64
513.64
513.64
513.64
513.64
513.64
515.71
515.71
515.71
515.71
515.71
515.71
515.71
515.71
515.71
515.71
515.71
515.71
515.71
515.71
515.71
515.71
517.76
517.76
517.76
517.76
517.76
517.76
517.76
517.76
517.76
517.76
517.76
517.76
517.76
517.76
517.76
517.76
517.76
517.76
519.8
519.8
519.8
519.8
519.8
519.8
519.8
519.8
519.8
519.8
519.8
519.8
519.8
519.8
521.8
521.8
521.8
521.8
521.8
521.8
521.8
521.8
521.8
521.8
521.8
521.8
521.8
521.8
521.8
523.77
523.77
523.77
523.77
523.77
523.77
523.77
523.77
523.77
523.77
523.77
523.77
523.77
523.77
523.77
525.71
525.71
525.71
525.71
525.71
525.71
525.71
525.71
525.71
525.71
525.71
525.71
525.71
525.71
525.71
525.71
525.71
527.66
527.66
527.66
527.66
527.66
527.66
527.66
527.66
527.66
527.66
527.66
527.66
527.66
527.66
529.6
529.6
529.6
529.6
529.6
529.6
529.6
529.6
529.6
529.6
529.6
529.6
529.6
531.55
531.55
531.55
531.55
531.55
531.55
531.55
531.55
531.55
531.55
531.55
531.55
531.55
531.55
531.55
533.54
533.54
533.54
533.54
533.54
533.54
533.54
533.54
533.54
533.54
533.54
533.54
533.54
535.53
535.53
535.53
535.53
535.53
535.53
535.53
535.53
535.53
535.53
535.53
535.53
535.53
535.53
535.53
535.53
537.51
537.51
537.51
537.51
537.51
537.51
537.51
537.51
537.51
537.51
537.51
537.51
539.5
539.5
539.5
539.5
539.5
539.5
539.5
539.5
539.5
539.5
539.5
539.5
539.5
539.5
539.5
539.5
539.5
541.5
541.5
541.5
541.5
541.5
541.5
541.5
541.5
541.5
541.5
541.5
541.5
541.5
541.5
541.5
541.5
541.5
543.51
543.51
543.51
543.51
543.51
543.51
543.51
543.51
543.51
543.51
543.51
543.51
543.51
543.51
543.51
543.51
545.52
545.52
545.52
545.52
545.52
545.52
545.52
545.52
545.52
545.52
547.53
547.53
547.53
547.53
547.53
547.53
547.53
547.53
547.53
547.53
547.53
547.53
547.53
547.53
547.53
547.53
549.55
549.55
549.55
549.55
549.55
549.55
549.55
549.55
549.55
549.55
549.55
549.55
549.55
549.55
549.55
551.58
551.58
551.58
551.58
551.58
551.58
551.58
551.58
551.58
551.58
553.6
553.6
553.6
553.6
553.6
553.6
553.6
553.6
553.6
553.6
553.6
553.6
553.6
553.6
553.6
553.6
553.6
553.6
553.6
555.64
555.64
555.64
555.64
555.64
555.64
555.64
555.64
557.69
557.69
557.69
557.69
557.69
557.69
557.69
557.69
557.69
557.69
557.69
557.69
557.69
557.69
557.69
557.69
559.75
559.75
559.75
559.75
559.75
559.75
559.75
559.75
559.75
559.75
559.75
559.75
559.75
561.83
561.83
561.83
561.83
561.83
561.83
561.83
561.83
561.83
561.83
561.83
561.83
563.92
563.92
563.92
563.92
563.92
563.92
563.92
563.92
563.92
563.92
563.92
563.92
563.92
563.92
563.92
563.92
563.92
563.92
563.92
566.02
566.02
566.02
566.02
566.02
566.02
566.02
566.02
566.02
566.02
566.02
566.02
566.02
566.02
568.13
568.13
568.13
568.13
568.13
568.13
568.13
568.13
568.13
568.13
568.13
568.13
570.27
570.27
570.27
570.27
570.27
570.27
570.27
570.27
570.27
570.27
570.27
570.27
570.27
570.27
570.27
570.27
570.27
572.43
572.43
572.43
572.43
572.43
572.43
572.43
572.43
572.43
572.43
572.43
572.43
572.43
572.43
572.43
572.43
572.43
572.43
574.62
574.62
574.62
574.62
574.62
574.62
574.62
574.62
574.62
574.62
574.62
574.62
574.62
576.83
576.83
576.83
576.83
576.83
576.83
576.83
576.83
576.83
576.83
576.83
576.83
576.83
576.83
576.83
576.83
579.06
579.06
579.06
579.06
579.06
579.06
579.06
579.06
579.06
579.06
579.06
579.06
579.06
579.06
581.31
581.31
581.31
581.31
581.31
581.31
581.31
581.31
581.31
581.31
581.31
581.31
581.31
581.31
581.31
583.55
583.55
583.55
583.55
583.55
583.55
583.55
583.55
583.55
583.55
583.55
583.55
583.55
583.55
585.78
585.78
585.78
585.78
585.78
585.78
585.78
585.78
585.78
585.78
585.78
585.78
585.78
585.78
588.01
588.01
588.01
588.01
588.01
588.01
588.01
588.01
588.01
588.01
588.01
588.01
588.01
588.01
588.01
588.01
588.01
588.01
590.24
590.24
590.24
590.24
590.24
590.24
590.24
590.24
590.24
590.24
590.24
590.24
590.24
590.24
590.24
592.45
592.45
592.45
592.45
592.45
592.45
592.45
592.45
592.45
592.45
592.45
592.45
592.45
594.66
594.66
594.66
594.66
594.66
594.66
594.66
594.66
594.66
594.66
594.66
594.66
594.66
594.66
594.66
594.66
594.66
596.87
596.87
596.87
596.87
596.87
596.87
596.87
596.87
596.87
596.87
596.87
596.87
596.87
596.87
596.87
596.87
596.87
599.05
599.05
599.05
599.05
599.05
599.05
599.05
599.05
599.05
599.05
599.05
599.05
599.05
599.05
601.22
601.22
601.22
601.22
601.22
601.22
601.22
601.22
601.22
601.22
601.22
601.22
603.36
603.36
603.36
603.36
603.36
603.36
603.36
603.36
603.36
603.36
603.36
605.48
605.48
605.48
605.48
605.48
605.48
605.48
605.48
605.48
605.48
605.48
605.48
605.48
605.48
605.48
607.55
607.55
607.55
607.55
607.55
607.55
607.55
607.55
607.55
607.55
607.55
607.55
607.55
607.55
607.55
607.55
607.55
607.55
609.56
609.56
609.56
609.56
609.56
609.56
609.56
609.56
609.56
609.56
609.56
609.56
611.54
611.54
611.54
611.54
611.54
611.54
611.54
611.54
611.54
611.54
611.54
611.54
611.54
611.54
611.54
611.54
611.54
613.5
613.5
613.5
613.5
613.5
613.5
613.5
613.5
613.5
613.5
613.5
613.5
613.5
613.5
613.5
613.5
613.5
615.42
615.42
615.42
615.42
615.42
615.42
615.42
615.42
615.42
615.42
615.42
615.42
617.37
617.37
617.37
617.37
617.37
617.37
617.37
617.37
617.37
617.37
617.37
617.37
617.37
617.37
617.37
619.34
619.34
619.34
619.34
619.34
619.34
619.34
619.34
619.34
619.34
619.34
619.34
619.34
619.34
619.34
621.31
621.31
621.31
621.31
621.31
621.31
621.31
621.31
621.31
621.31
623.24
623.24
623.24
623.24
623.24
623.24
623.24
623.24
623.24
623.24
623.24
623.24
623.24
623.24
623.24
625.15
625.15
625.15
625.15
625.15
625.15
625.15
625.15
625.15
625.15
625.15
625.15
625.15
627.04
627.04
627.04
627.04
627.04
627.04
627.04
627.04
627.04
627.04
627.04
627.04
628.92
628.92
628.92
628.92
628.92
628.92
628.92
628.92
628.92
628.92
628.92
628.92
628.92
628.92
630.78
630.78
630.78
630.78
630.78
630.78
630.78
630.78
630.78
630.78
632.65
632.65
632.65
632.65
632.65
632.65
632.65
632.65
632.65
632.65
632.65
632.65
632.65
634.52