3.42
21.89
37.48
47.07
54.59
58.86
65.91
76.39
88.54
97.81
107.69
118.82
132.31
144.72
158.28
169.27
0.53
10.8
17.12
22.04
26.07
31.46
40.66
53.77
64.98
75.83
86.24
96.01
106.28
114.37
122.51
130.14
139.49
148.47
159.4
170.58
179.78
9.6
18.97
28.24
35.29
43.45
52.73
63.54
72.69
81.72
90.7
98.5
106.52
113.58
121.8
129.66
139.02
147.3
157.2
166.65
175.27
4.29
11.47
19.16
27.14
37.55
48.05
60.02
72
81.14
89.82
95.82
101.04
104.71
110.59
118.48
128.24
138.74
148.83
160.11
170.62
3.51
13.5
23.12
30.18
38.19
47.36
55.53
63.31
72.85
85.19
97.18
110.5
122.03
133.96
144.82
155.98
165.77
175.61
3.88
10.04
16.2
20.2
24.91
30.45
38.42
48.35
59.28
72.21
83.37
95.64
106.01
116.68
126.69
137.92
149.03
158.57
169.28
178.1
7.01
13.25
18.75
22.51
26.33
31.58
37.9
46.2
55.33
65.26
74.6
84.96
93.77
101.24
108.77
115.99
124.72
132.81
140.57
146.7
152.51
158.16
166.02
176.25
6.96
15.75
26.11
36.99
47.23
57.9
68.16
80.77
91.89
104.7
115.35
124.57
132.21
137.72
144.24
150.41
157.34
163.17
167.74
171.22
176.21
179.9
3.6
10.58
17.09
20.04
20.02
20.33
21.66
26.02
32.14
41.35
54.61
71.04
89.79
103.63
116.23
127.66
141.49
154.39
168.07
0.58
6.43
11.26
16.34
23.15
30.32
39.06
46
51.71
53.91
54.78
55.09
56.29
61.17
69.48
81.61
92.67
105.28
118.12
131.03
142.02
152.06
162.73
168.66
177.77
8.56
16.07
19.86
24.28
28.47
36.49
44.79
53.01
60.36
64.23
68.46
74.04
84.6
91.72
98.88
104.15
107.7
110.72
112.84
117.79
126.13
136.28
144.11
154
163.27
172.48
178.97
3.16
7.19
12.66
19.46
26.87
28.29
29.77
32.06
34.33
38.35
41.74
46.72
54.01
61.36
69.1
76.38
82.28
86.1
89.77
96.32
105.75
114.39
125.79
140.21
154.93
173.01
6.18
18.29
26.45
29.28
29.5
29.55
31.6
41.59
51.26
61.2
70.52
82.05
96.02
109.54
126.55
142.45
160.34
175.85
7.99
13.99
24.29
31.63
39.34
42.27
44.18
45.36
48.92
57.9
66.52
75.6
82.1
88.11
92.41
96.58
101.73
107.32
110.55
110.64
110.85
111.93
114.49
118.86
126.33
133.47
137.69
142.15
148.15
157.26
167.56
178.74
6.98
13.57
18.34
21.35
22.07
22.6
23.16
24.52
31.74
42.01
54.84
67.5
79.76
89.73
102.83
115.33
122.02
123.08
123.12
124.74
128.6
132.53
139.58
148.44
158.99
167.97
177.86
6.03
15.42
23.18
28.44
32.46
37
41.97
48.65
55.82
62.38
70.27
78.1
86.41
92.79
98.28
101.84
102.83
103.82
105.73
105.73
106
108.28
112.18
118.61
126.93
139.29
153.63
159.82
162.88
165.91
171.72
179.35
6.43
8.96
10.67
18.34
30.29
38.27
46.5
51.68
53.95
56.73
60.55
68.57
76.81
87.75
100.7
113.16
123.3
133.27
142.41
150.73
160.21
170.08
1.25
12.8
26.27
38.99
54.19
67.7
80.75
88.94
91.9
91.95
92.08
94.62
103.3
117.76
134.06
147.78
157.21
168.55
1.79
16.03
25.58
38.28
54.94
68.6
76.53
79.97
82.51
85.93
87.13
87.88
88.83
91.74
100.35
110.76
122.54
132.25
141.76
150.07
158.72
166.37
178.25
14.41
30.14
45.86
58.43
68.42
73.25
74.15
74.79
75.84
78.04
82.23
88.25
93.44
98.45
103.67
106.84
112.29
120.93
132.22
145.77
154.05
161.29
172.65
8.06
28.52
43.75
56.76
62.84
63.62
63.9
65.11
67.55
69.87
73.61
80.91
89.94
96.25
103.51
111.23
120.9
132.17
143.26
155.55
164.68
177.34
9.06
19.74
27.44
35.66
43.43
50.26
52.41
52.57
52.61
54.14
60.85
67.46
73.68
79.51
87.28
94.75
101.37
101.37
101.37
101.37
101.37
101.37
101.37
101.37
101.37
101.37
101.37
101.37
101.37
101.37
101.37
101.37
101.37
101.37
101.37
101.37
101.37
101.37
101.37
101.37
101.37
101.37
101.37
101.37
101.37
101.37
101.37
101.37
101.37
101.37
101.37
101.37
101.37
101.37
101.37
101.37
101.37
101.37
101.37
101.37
101.37
101.37
101.37
101.37
101.37
101.37
101.37
101.37
101.37
101.37
101.37
101.37
101.37
101.37
101.37
101.37
101.37
101.37
101.37
101.37
101.37
101.37
101.37
101.37
101.37
101.37
101.37
101.37
101.37
101.37
101.37
101.37
101.37
101.37
101.37
101.37
101.37
101.37
101.37
101.37
101.37
101.37
101.37
101.37
101.37
101.37
101.37
101.37
101.37
101.37
101.37
101.37
101.37
101.37
101.37
101.37
101.37
101.37
101.37
101.37
101.37
101.37
101.37
101.37
101.37
101.37
101.37
101.37
101.37
101.37
101.37
101.37
101.37
101.37
101.37
101.37
101.37
101.37
101.37
101.37
101.37
101.37
101.37
101.37
101.37
101.37
101.37
101.37
101.37
101.37
101.37
101.37
101.37
101.37
101.37
101.37
101.37
101.37
101.37
101.37
101.37
101.37
101.37
101.37
101.37
101.37
101.37
101.37
101.37
101.37
101.37
101.37
101.37
101.37
101.37
101.37
101.37
101.37
101.37
101.37
101.37
101.37
101.37
101.37
101.37
101.37
101.37
101.37
101.37
101.37
101.37
101.37
101.37
101.37
101.37
101.37
101.37
101.37
101.37
101.37
101.37
101.37
101.37
101.37
101.37
101.37
101.37
101.37
101.37
101.37
101.37
101.37
101.37
101.37
101.37
101.37
101.37
101.37
101.37
101.37
101.37
101.37
101.37
101.37
101.37
101.37
101.37
101.37
101.37
101.37
101.37
101.37
101.37
101.37
101.37
101.37
101.37
101.37
101.37
101.37
101.37
101.37
101.37
101.37
101.37
101.37
101.37
101.37
101.37
101.37
101.37
101.37
101.37
101.37
101.37
101.37
101.37
101.37
101.37
101.37
101.37
101.37
101.37
101.37
101.37
101.37
101.37
101.37
101.37
101.37
101.37
101.37
101.37
101.37
101.37
101.37
101.37
101.37
101.37
101.37
101.37
101.37
101.37
101.37
101.37
101.37
101.37
101.37
101.37
101.37
101.37
101.37
101.37
101.37
101.37
101.37
101.37
101.37
101.37
101.37
101.37
101.37
101.37
101.37
101.37
101.37
101.37
101.37
101.37
101.37
101.37
101.37
101.37
101.37
101.37
101.37
101.37
101.37
101.37
101.37
101.37
101.37
101.37
101.37
101.37
101.37
101.37
101.37
101.37
101.37
101.37
101.37
101.37
101.37
101.37
101.37
101.37
101.37
101.37
101.37
101.37
101.37
101.37
101.37
101.37
101.37
101.37
101.37
101.37
101.37
101.37
101.37
101.37
101.37
101.37
101.37
101.37
101.37
101.37
101.37
101.37
101.37
101.37
101.37
101.37
101.37
101.37
101.37
101.37
101.37
101.37
101.37
101.37
101.37
101.37
101.37
101.37
101.37
101.37
101.37
101.37
101.37
101.37
101.37
101.37
101.37
101.37
101.37
101.37
101.37
101.37
101.37
101.37
101.37
101.37
101.37
101.37
101.37
101.37
101.37
101.37
101.37
101.37
101.37
101.37
101.37
101.37
101.37
101.37
101.37
101.37
101.37
101.37
101.37
101.37
101.37
101.37
101.37
101.37
101.37
101.37
101.37
101.37
101.37
101.37
101.37
101.37
101.37
101.37
101.37
101.37
101.37
101.37
101.37
101.37
101.37
101.37
101.37
101.37
101.37
101.37
101.37
101.37
101.37
101.37
101.37
101.37
101.37
101.37
101.37
101.37
101.37
101.37
101.37
101.37
101.37
101.37
101.37
101.37
101.37
101.37
101.37
101.37
101.37
101.37
101.37
101.37
101.37
101.37
101.37
101.37
101.37
101.37
101.37
101.37
101.37
101.37
101.37
101.37
101.37
101.37
101.37
101.37
101.37
101.37
101.37
101.37
101.37
101.37
101.37
101.37
101.37
101.37
101.37
101.37
101.37
101.37
101.37
101.37
101.37
101.37
101.37
101.37
101.37
101.37
101.37
101.37
101.37
101.37
101.37
101.37
101.37
101.37
101.37
101.37
101.37
101.37
107.1
110.08
118.1
125.54
134.47
145.43
156.05
165.12
176.68
5.29
13.33
20.17
29.26
39.23
51.29
65.2
77.94
92.03
104.65
117
125.61
133.98
141.41
150.59
158.22
168.12
178.46
10.18
21.3
28.87
39.15
49.81
62.45
74.19
85.75
95.3
105.47
113.47
120.59
126.43
132.23
137.77
142.44
148.82
154.92
162.31
170.7
0.76
11.12
20.74
31.16
39.13
47.78
57.66
70.09
81.27
91.8
99.74
106.84
111.7
116.91
120.73
124.51
127.38
128.6
130.33
133.16
137.69
143.54
152.5
161.16
168.01
175.64
2.94
10.89
19.58
30.77
41.92
52.4
59.85
67.2
75.36
83.45
93.58
103.82
113.38
123.53
131.95
137.47
144.08
150.46
156.74
160.58
163.6
166
168.88
173.5
179.4
7.95
16.32
26.54
35.12
43.42
50.34
58.14
65.31
75.41
86.85
97.17
108
116.65
124.82
131.51
138.08
142.92
146.16
147.78
149.47
150.54
153.02
158.5
164.53
171.05
177.16
3.7
9.15
14.57
20.82
29.47
37.67
47.76
56.37
65.91
74.07
80.97
89.28
97.99
108.36
117.78
128.57
137.01
143.62
149.08
154.45
157.56
159.47
162.15
165.54
169.67
173.99
178.1
2.04
7.94
14.88
22.34
30.11
39.07
45.72
48.14
53.15
58.46
65.74
74.52
85.37
93.91
101.85
108.99
115.24
121.5
129.82
139.04
147.3
153.71
156.88
159.76
163.01
167.38
172.36
176.85
179.8
1.46
1.51
1.77
2.89
6.1
13.52
23
33.97
43.18
52.4
59.68
64.97
70.26
75.94
84.22
92.81
102.85
112.5
123.27
133.03
143.15
152.14
161.56
168.74
172.12
173.72
175.25
178.5
2.48
8.8
14.16
20.38
25.91
31.38
37.99
45.91
55.23
63.87
73.92
81.57
89.41
96.72
104.62
112.06
121.21
130.86
141.52
150.24
157.5
164.93
169.82
175.84
0.42
6.21
11.06
14.43
15.58
16.35
19.04
25.1
35.02
45.66
58.95
69.81
78.73
85.48
91.21
98.53
106.42
115.39
124.42
134.95
144.38
154.71
164.45
174.79
2.92
11.26
16.91
20.09
21.16
22.18
25.72
32.19
41.59
49.98
59.36
67.84
76.88
85.19
92.48
98.15
105.38
113.78
121.81
132.55
142.55
153.06
162.68
174.1
3.65
14.47
23.12
27.93
28.96
29.46
32.28
37.4
44.44
51.65
59.72
66.82
75.6
84.32
94.82
105.72
115.53
125.54
134.2
143.81
152.38
162.47
170.23
178.55
5.62
12.58
17.78
23.07
29.21
36.78
42.8
47.27
51.48
55.19
60.3
65.76
72.2
79.08
87.18
96.07
103.87
110.21
112.89
115.59
120.93
130.05
139.88
151.3
162.21
173.17
0.52
7.46
14.34
18.94
23.04
26.94
30.99
34.44
38.04
42.25
45.38
49.54
55.62
64.51
73.42
83.72
92.58
101.64
110.39
120.26
128.83
136.06
144.54
152.57
162.64
171.53
0.88
9.23
17.47
24.28
29.23
32.63
35.42
40.26
45.03
51.83
58.07
64.51
69.58
74.27
79.62
86.21
95.59
104.52
114.46
123.36
132.26
139.73
148.29
156.09
163.75
173.4
2.27
11.82
18.67
24.16
28.02
32.65
37.5
44.04
49.83
54.65
59.1
62.77
67.12
73.06
80.16
88.22
99.02
109.89
120.57
127.53
133.5
139.18
147.97
158.62
168.72
0.08
9.19
18.78
26.53
34.86
42.6
48.5
53.95
57.71
59.89
62.07
66.2
69.63
71.97
75.23
79.84
85.78
91.02
96.75
102.38
110.77
119.31
129.22
137.65
145.85
152.27
159.53
167.39
174.97
4.3
13.52
23.54
31.57
39.19
44.09
47.04
50.67
56.17
60.62
64.24
68.44
72.48
77.62
82.63
89.67
97.27
107.61
118.63
130.09
138.49
145.26
150.99
158.43
169.34
179.01
9.8
19.13
27.87
35.35
44.16
52.41
59.32
66
70.55
74.32
77.11
80.6
83.9
87.97
93.74
101.38
108.81
117.18
125.94
134.6
144.7
152.74
161.53
169.83
179.72
8.99
19.12
28.07
38.51
49.73
59.51
68.51
74.52
78.7
81.35
85.57
90.72
96.22
96.22
96.22
96.22
96.22
96.22
96.22
96.22
96.22
96.22
96.22
96.22
96.22
96.22
96.22
96.22
96.22
96.22
96.22
96.22
96.22
96.22
96.22
96.22
96.22
96.22
96.22
96.22
96.22
96.22
96.22
96.22
96.22
96.22
96.22
96.22
96.22
96.22
96.22
96.22
96.22
96.22
96.22
96.22
96.22
96.22
96.22
96.22
96.22
96.22
96.22
96.22
96.22
96.22
96.22
96.22
96.22
96.22
96.22
96.22
96.22
96.22
96.22
96.22
96.22
96.22
96.22
96.22
96.22
96.22
96.22
96.22
96.22
96.22
96.22
96.22
96.22
96.22
96.22
96.22
96.22
96.22
96.22
96.22
96.22
96.22
96.22
96.22
96.22
96.22
96.22
96.22
96.22
96.22
96.22
96.22
96.22
96.22
96.22
96.22
96.22
96.22
96.22
96.22
96.22
96.22
96.22
96.22
96.22
96.22
96.22
96.22
96.22
96.22
96.22
96.22
96.22
96.22
96.22
96.22
96.22
96.22
96.22
96.22
96.22
96.22
96.22
96.22
96.22
96.22
96.22
96.22
96.22
96.22
96.22
96.22
96.22
96.22
96.22
96.22
96.22
96.22
96.22
96.22
96.22
96.22
96.22
96.22
96.22
96.22
96.22
96.22
96.22
96.22
96.22
96.22
96.22
96.22
96.22
96.22
96.22
96.22
96.22
96.22
96.22
96.22
96.22
96.22
96.22
96.22
96.22
96.22
96.22
96.22
96.22
96.22
96.22
96.22
96.22
96.22
96.22
96.22
96.22
96.22
96.22
96.22
96.22
96.22
96.22
96.22
96.22
96.22
96.22
96.22
96.22
96.22
96.22
96.22
96.22
96.22
96.22
96.22
96.22
96.22
96.22
96.22
96.22
96.22
96.22
96.22
96.22
96.22
96.22
96.22
96.22
96.22
96.22
96.22
96.22
96.22
96.22
96.22
96.22
96.22
96.22
96.22
96.22
96.22
96.22
96.22
96.22
96.22
96.22
96.22
96.22
96.22
96.22
96.22
96.22
96.22
96.22
96.22
96.22
96.22
96.22
96.22
96.22
96.22
96.22
96.22
96.22
96.22
96.22
96.22
96.22
96.22
96.22
96.22
96.22
96.22
96.22
96.22
96.22
96.22
96.22
96.22
96.22
96.22
96.22
96.22
96.22
96.22
96.22
96.22
96.22
96.22
96.22
96.22
96.22
96.22
96.22
96.22
96.22
96.22
96.22
96.22
96.22
96.22
96.22
96.22
96.22
96.22
96.22
96.22
96.22
96.22
96.22
96.22
96.22
96.22
96.22
96.22
96.22
96.22
96.22
96.22
96.22
96.22
96.22
96.22
96.22
96.22
96.22
96.22
96.22
96.22
96.22
96.22
96.22
96.22
96.22
96.22
96.22
96.22
96.22
96.22
96.22
96.22
96.22
96.22
96.22
96.22
96.22
96.22
96.22
96.22
96.22
96.22
96.22
96.22
96.22
96.22
96.22
96.22
96.22
96.22
96.22
96.22
96.22
96.22
96.22
96.22
96.22
96.22
96.22
96.22
96.22
96.22
96.22
96.22
96.22
96.22
96.22
96.22
96.22
96.22
96.22
96.22
96.22
96.22
96.22
96.22
96.22
96.22
96.22
96.22
96.22
96.22
96.22
96.22
96.22
96.22
96.22
96.22
96.22
96.22
96.22
96.22
96.22
96.22
96.22
96.22
96.22
96.22
96.22
96.22
96.22
96.22
96.22
96.22
96.22
96.22
96.22
96.22
96.22
96.22
96.22
96.22
96.22
96.22
96.22
96.22
96.22
96.22
96.22
96.22
96.22
96.22
96.22
96.22
96.22
96.22
96.22
96.22
96.22
96.22
96.22
96.22
96.22
96.22
96.22
96.22
96.22
96.22
96.22
96.22
96.22
96.22
96.22
96.22
96.22
96.22
96.22
96.22
96.22
96.22
96.22
96.22
96.22
96.22
96.22
96.22
96.22
96.22
96.22
96.22
96.22
96.22
96.22
96.22
96.22
96.22
96.22
96.22
96.22
96.22
96.22
96.22
96.22
96.22
96.22
96.22
96.22
96.22
96.22
96.22
96.22
96.22
96.22
96.22
96.22
96.22
96.22
96.22
96.22
96.22
96.22
96.22
96.22
96.22
96.22
96.22
96.22
96.22
96.22
96.22
96.22
96.22
96.22
96.22
96.22
97.81
107.78
116.57
127.75
138.21
149.36
159.15
169.61
0
9.08
20.22
29.85
39.84
48.4
57.5
65.63
76.01
86.51
94.44
103.73
112.57
122.14
129.89
139.42
147.47
156.42
164.89
173.92
2.32
10.67
16.95
23.53
30.88
37.2
44.31
50.61
58.03
65.45
74.57
84.52
93.62
103.46
111.08
119.02
126.65
134.03
141.47
150
157.56
163.93
172.05
179.33
8.03
16.35
23.61
29.82
36.75
43.73
51.29
59.01
67.2
74.62
81.99
91.13
100.22
110.2
117.97
125.24
132.25
138.88
147.92
155.98
165.57
173.26
1.09
6.98
13.1
18.6
24.21
28.97
34.23
41.81
49.15
57.18
62.59
66.33
66.94
67.86
70.48
75.35
81.46
89.53
98.94
106.69
113.27
118.45
123.78
128.81
133.9
141.15
148.55
155.37
162.4
170.25
177.88
5.31
11.21
16.36
21.07
24.38
28.6
34.07
40.52
47.31
54.45
60.58
65.75
70.89
73.38
75.71
80.75
89.47
97.37
105.73
114.44
120.59
125.59
130.78
137.28
145.44
156.4
165.79
174.8
1.37
6.91
11.91
17.87
25.14
32.12
40.21
46.78
53.62
58.63
62.85
67.02
73.05
81.66
89.77
98.57
106.06
113.77
120.42
129.53
137.41
146.84
155.78
162.53
169.36
173.97
178.61
3.91
11.85
18.84
25.95
32.84
38.71
46.15
52.13
59.1
65.73
72.86
79.85
85.44
91.64
97.01
102.13
107.12
114.13
120.19
125.89
131.37
134.18
136.33
138.89
144.61
151.93
161.53
169.88
177.95
3.78
9.7
14.16
19.62
26.35
32.01
39.68
47.24
55.75
61.46
67.24
72.11
77.09
81.39
87.16
94.28
100.06
106.37
111.91
117.89
123.59
131.63
139.29
146.47
152.84
157.43
162.29
167.62
174.64
2.9
11.78
19.77
27.73
35.2
40.67
45.16
49.02
56.79
64.55
73.2
81.09
86.88
89.08
89.89
92.39
97.64
106.57
114.87
122.73
130.31
138.1
144.72
150.71
157.73
164.05
172.18
0.87
11.34
19.19
26.39
32.02
38.2
46
52.74
60.99
68.04
74.56
79.14
83.37
88.06
94.97
101.99
106.33
110.64
113.76
115.34
117.01
123.19
131.11
140.05
149.15
157.51
165.04
170.99
177.14
3.88
13.89
22.72
31.69
38.71
43.81
46.03
47.99
51.86
57.67
66.08
73.78
81.31
88.13
93.31
97.45
103.9
111.68
118.94
126.9
135.11
143.06
149.41
155.75
161.86
169.52
176.01
3.13
10.9
19.56
28.27
35.65
43.08
50.21
58.41
64.1
69.24
73.32
77.39
82.56
90.43
99.96
108.08
115.16
119.82
123.9
126.9
129.73
133.58
141.33
149.4
155.95
163.93
171.92
179.68
5.57
12.02
19.26
28.38
36.19
42.64
46.89
49.62
52.14
55.48
58.24
62.92
71.71
78.92
85.59
89.07
92.03
94.96
99.11
105.36
113.41
118.46
119.67
120.51
120.59
120.95
124.13
132.82
140.87
147.06
151.09
154.3
159.38
165.38
171.62
175.94
2.86
9.08
16.1
22.93
30.69
37.82
43.74
48.89
53.68
61.49
69.03
76.86
83.48
88.57
92.88
96.47
101.39
107.76
115.94
122.32
128.43
133.18
136.13
137.87
142.22
147.78
155.4
163.18
169.78
177.34
2.41
6.34
11.55
18.98
27.5
35.82
45.8
53.35
58.97
64.42
69.35
74.38
80.33
86.75
92.75
98.4
104.44
110.97
117.41
125.02
132.55
139.81
145.32
149.96
153.12
157.65
164.49
171.06
179.08
5.82
12.18
19.39
26.84
33.08
41.08
49.37
58.85
67.32
75.35
82.04
85.14
88.43
90.16
91.29
92.64
97.93
104.86
113.01
121.94
129.96
138.48
145.87
153.27
158.78
164.4
169.65
174.77
179.54
3.61
8.54
14.1
21.68
30.25
38.86
46.33
52.46
58.16
66.43
75.03
83
90.89
96.85
102.14
105.98
111.11
115.84
122.96
131.48
141.13
149.64
157.35
162.93
166.7
170.97
177.14
4.61
10.7
18.13
18.13
18.13
18.13
18.13
18.13
18.13
18.13
18.13
18.13
18.13
18.13
18.13
18.13
18.13
18.13
18.13
18.13
18.13
18.13
18.13
18.13
18.13
18.13
18.13
18.13
18.13
18.13
18.13
18.13
18.13
18.13
18.13
18.13
18.13
18.13
18.13
18.13
18.13
18.13
18.13
18.13
18.13
18.13
18.13
18.13
18.13
18.13
18.13
18.13
18.13
18.13
18.13
18.13
18.13
18.13
18.13
18.13
18.13
18.13
18.13
18.13
18.13
18.13
18.13
18.13
18.13
18.13
18.13
18.13
18.13
18.13
18.13
18.13
18.13
18.13
18.13
18.13
18.13
18.13
18.13
18.13
18.13
18.13
18.13
18.13
18.13
18.13
18.13
18.13
18.13
18.13
18.13
18.13
18.13
18.13
18.13
18.13
18.13
18.13
18.13
18.13
18.13
18.13
18.13
18.13
18.13
18.13
18.13
18.13
18.13
18.13
18.13
18.13
18.13
18.13
18.13
18.13
18.13
18.13
18.13
18.13
18.13
18.13
18.13
18.13
18.13
18.13
18.13
18.13
18.13
18.13
18.13
18.13
18.13
18.13
18.13
18.13
18.13
18.13
18.13
18.13
18.13
18.13
18.13
18.13
18.13
18.13
18.13
18.13
18.13
18.13
18.13
18.13
18.13
18.13
18.13
18.13
18.13
18.13
18.13
18.13
18.13
18.13
18.13
18.13
18.13
18.13
18.13
18.13
18.13
18.13
18.13
18.13
18.13
18.13
18.13
18.13
18.13
18.13
18.13
18.13
18.13
18.13
18.13
18.13
18.13
18.13
18.13
18.13
18.13
18.13
18.13
18.13
18.13
18.13
18.13
18.13
18.13
18.13
18.13
18.13
18.13
18.13
18.13
18.13
18.13
18.13
18.13
18.13
18.13
18.13
18.13
18.13
18.13
18.13
18.13
18.13
18.13
18.13
18.13
18.13
18.13
18.13
18.13
18.13
18.13
18.13
18.13
18.13
18.13
18.13
18.13
18.13
18.13
18.13
18.13
18.13
18.13
18.13
18.13
18.13
18.13
18.13
18.13
18.13
18.13
18.13
18.13
18.13
18.13
18.13
18.13
18.13
18.13
18.13
18.13
18.13
18.13
18.13
18.13
18.13
18.13
18.13
18.13
18.13
18.13
18.13
18.13
18.13
18.13
18.13
18.13
18.13
18.13
18.13
18.13
18.13
18.13
18.13
18.13
18.13
18.13
18.13
18.13
18.13
18.13
18.13
18.13
18.13
18.13
18.13
18.13
18.13
18.13
18.13
18.13
18.13
18.13
18.13
18.13
18.13
18.13
18.13
18.13
18.13
18.13
18.13
18.13
18.13
18.13
18.13
18.13
18.13
18.13
18.13
18.13
18.13
18.13
18.13
18.13
18.13
18.13
18.13
18.13
18.13
18.13
18.13
18.13
18.13
18.13
18.13
18.13
18.13
18.13
18.13
18.13
18.13
18.13
18.13
18.13
18.13
18.13
18.13
18.13
18.13
18.13
18.13
18.13
18.13
18.13
18.13
18.13
18.13
18.13
18.13
18.13
18.13
18.13
18.13
18.13
18.13
18.13
18.13
18.13
18.13
18.13
18.13
18.13
18.13
18.13
18.13
18.13
18.13
18.13
18.13
18.13
18.13
18.13
18.13
18.13
18.13
18.13
18.13
18.13
18.13
18.13
18.13
18.13
18.13
18.13
18.13
18.13
18.13
18.13
18.13
18.13
18.13
18.13
18.13
18.13
18.13
18.13
18.13
18.13
18.13
18.13
18.13
18.13
18.13
18.13
18.13
18.13
18.13
18.13
18.13
18.13
18.13
18.13
18.13
18.13
18.13
18.13
18.13
18.13
18.13
18.13
18.13
18.13
18.13
18.13
18.13
18.13
18.13
18.13
18.13
18.13
18.13
18.13
18.13
18.13
18.13
18.13
18.13
18.13
18.13
18.13
18.13
18.13
18.13
18.13
18.13
18.13
18.13
18.13
18.13
18.13
18.13
18.13
18.13
18.13
18.13
18.13
18.13
18.13
18.13
18.13
18.13
18.13
18.13
18.13
18.13
18.13
18.13
18.13
18.13
18.13
18.13
18.13
18.13
18.13
18.13
18.13
18.13
18.13
18.13
18.13
18.13
18.13
18.13
18.13
18.13
18.13
18.13
18.13
18.13
18.13
18.13
18.13
18.13
18.13
29.22
29.94
30.04
30.27
31.29
32.44
33.69
34.86
35.11
35.12
35.29
39.45
50.94
62.99
69.83
73.17
75.03
76.2
79.33
83.75
92.36
102.04
112.67
122.26
130.2
139.25
146.37
154.75
163.48
172.6
178.81
5.57
11.58
18.98
27.8
36.32
45.83
53.04
58.65
63.96
72.68
81.41
91.55
101.37
108.19
115.19
120.94
127.1
134.32
142.34
149.96
158.17
164.51
169.83
175.47
1.95
7.44
13.16
20.33
26.89
33.02
37.59
43.8
48.74
55.19
61.65
68.71
75.95
81.59
88.03
93.69
100.31
109.66
119.26
126.33
133.83
138.72
142.96
148.77
155.12
163.52
171.68
0.04
5.03
8.68
10.96
14.82
21.37
27.36
34.41
40.76
46.9
49.59
52.78
57.99
64.42
72.59
81.47
89.02
94.63
100.3
105.29
111.56
117.2
123.4
129.2
135
138.19
139.5
142.98
150.61
160.53
169.21
178.34
4.53
8.65
11.01
14.75
19.59
27.06
34.41
41.15
47.35
52.63
57.79
61.98
68.73
76.3
84.52
93.81
101.16
108.7
114.62
118.73
125.58
134.77
141.83
148.65
155.33
162.71
170.43
177.43
4.83
11.47
17.99
23.62
30.31
35.24
41.02
46.91
53.83
60.83
68.71
75.06
79.07
84.4
89.31
95.5
102.13
110.31
118.13
126.25
133.1
138.51
143.96
148.35
153.54
159.36
166.24
171.91
177.52
1.35
5.31
12.48
19.94
29.48
37.97
45.85
51.31
55.49
58.42
64.41
71.35
79.15
84.98
90.16
94.42
97.16
101.9
107.47
115.75
123.32
131.34
135.71
139.99
143.49
148.05
153.79
161.48
170.11
176.98
2.95
6.13
10
15.52
23.63
31.55
40.64
47.47
52.59
57.2
62.46
67.57
73.99
81.76
89.65
98.01
104.21
109.46
114.31
121.41
129.27
137.86
144.22
150.09
153.07
155.39
158.52
161.83
167.77
174.66
3.68
11.29
18.07
24.48
32.69
40.84
48.04
55.15
59.58
62.84
64.57
66.82
69.75
76.64
85.39
95.1
102.85
110.14
115.95
121.04
129.27
139.47
151.07
159.31
165.48
168.8
171.29
172.71
177.81
7.5
20.05
32.56
42.27
49.68
54.5
56.87
57.51
58.39
61.25
68.37
76.47
85.78
93.15
97.12
100.92
105.51
111.63
117.95
125.14
130.96
138.18
144.9
153.05
159.96
167.65
175.25
0.36
3.65
8.59
15.46
22.89
31.13
38.98
48.79
57.57
63.42
69.02
73.99
79.86
85.32
92.57
98.45
104.68
109.39
113.78
118.02
123.98
132.88
141.42
152.18
160.95
168.94
174.35
179.26
4.07
9.82
16.75
25.67
34.55
42.31
50.22
57.04
65.22
72.26
80.68
86.3
89.86
91.77
93.76
97.98
104.31
111.46
117.87
125.35
132.1
140.52
148.18
156.72
164.41
173.78
3.51
12.5
21.26
28.13
35.72
42.12
50.3
57.98
66.75
74.13
79.36
83.7
88.11
93.14
98.65
106.41
112.7
119.76
125.93
132.74
138.57
145.64
154.15
163.5
174.37
3.81
14.25
22.25
28.84
34.73
42.4
50.19
59.04
66.33
72.38
77.48
80.14
83.05
86.43
91.65
98.33
105.31
111.42
116.58
119.43
122.9
126.96
132.3
140.27
148.98
159.96
169.32
179.33
6.25
11.75
16
19.57
25.35
31.7
38.06
44.59
52.22
59.08
68
75.89
84.9
91.99
98.84
103.93
107.37
110.78
112.92
116.66
119.89
123.78
126.72
128.78
130.76
135.92
142.43
148.34
157.11
165.69
176.95
7.29
18.14
26.18
32.83
36.86
41.04
45.23
51
59.22
66.81
74.48
79.85
85.53
91.4
97.78
102.69
107.98
111.38
112.63
114.97
120.35
127.97
134.77
141.56
146.17
150.6
154.47
158.93
165.5
172.05
2.37
12.35
23.02
31.18
38.03
41.36
42.5
43.1
44.74
49.3
57.64
66.28
73.58
80.7
85.8
90.47
96.13
102.33
108.65
115.26
120.66
125.92
130.34
135.56
141.57
147.83
154.39
159.85
167.41
175.11
3.24
10.94
20.79
31.28
40.13
48.63
54.06
57.79
59.95
62.46
65.9
72.62
81.23
91.32
102.29
102.29
102.29
102.29
102.29
102.29
102.29
102.29
102.29
102.29
102.29
102.29
102.29
102.29
102.29
102.29
102.29
102.29
102.29
102.29
102.29
102.29
102.29
102.29
102.29
102.29
102.29
102.29
102.29
102.29
102.29
102.29
102.29
102.29
102.29
102.29
102.29
102.29
102.29
102.29
102.29
102.29
102.29
102.29
102.29
102.29
102.29
102.29
102.29
102.29
102.29
102.29
102.29
102.29
102.29
102.29
102.29
102.29
102.29
102.29
102.29
102.29
102.29
102.29
102.29
102.29
102.29
102.29
102.29
102.29
102.29
102.29
102.29
102.29
102.29
102.29
102.29
102.29
102.29
102.29
102.29
102.29
102.29
102.29
102.29
102.29
102.29
102.29
102.29
102.29
102.29
102.29
102.29
102.29
102.29
102.29
102.29
102.29
102.29
102.29
102.29
102.29
102.29
102.29
102.29
102.29
102.29
102.29
102.29
102.29
102.29
102.29
102.29
102.29
102.29
102.29
102.29
102.29
102.29
102.29
102.29
102.29
102.29
102.29
102.29
102.29
102.29
102.29
102.29
102.29
102.29
102.29
102.29
102.29
102.29
102.29
102.29
102.29
102.29
102.29
102.29
102.29
102.29
102.29
102.29
102.29
102.29
102.29
102.29
102.29
102.29
102.29
102.29
102.29
102.29
102.29
102.29
102.29
102.29
102.29
102.29
102.29
102.29
102.29
102.29
102.29
102.29
102.29
102.29
102.29
102.29
102.29
102.29
102.29
102.29
102.29
102.29
102.29
102.29
102.29
102.29
102.29
102.29
102.29
102.29
102.29
102.29
102.29
102.29
102.29
102.29
102.29
102.29
102.29
102.29
102.29
102.29
102.29
102.29
102.29
102.29
102.29
102.29
102.29
102.29
102.29
102.29
102.29
102.29
102.29
102.29
102.29
102.29
102.29
102.29
102.29
102.29
102.29
102.29
102.29
102.29
102.29
102.29
102.29
102.29
102.29
102.29
102.29
102.29
102.29
102.29
102.29
102.29
102.29
102.29
102.29
102.29
102.29
102.29
102.29
102.29
102.29
102.29
102.29
102.29
102.29
102.29
102.29
102.29
102.29
102.29
102.29
102.29
102.29
102.29
102.29
102.29
102.29
102.29
102.29
102.29
102.29
102.29
102.29
102.29
102.29
102.29
102.29
102.29
102.29
102.29
102.29
102.29
102.29
102.29
102.29
102.29
102.29
102.29
102.29
102.29
102.29
102.29
102.29
102.29
102.29
102.29
102.29
102.29
102.29
102.29
102.29
102.29
102.29
102.29
102.29
102.29
102.29
102.29
102.29
102.29
102.29
102.29
102.29
102.29
102.29
102.29
102.29
102.29
102.29
102.29
102.29
102.29
102.29
102.29
102.29
102.29
102.29
102.29
102.29
102.29
102.29
102.29
102.29
102.29
102.29
102.29
102.29
102.29
102.29
102.29
102.29
102.29
102.29
102.29
102.29
102.29
102.29
102.29
102.29
102.29
102.29
102.29
102.29
102.29
102.29
102.29
102.29
102.29
102.29
102.29
102.29
102.29
102.29
102.29
102.29
102.29
102.29
102.29
102.29
102.29
102.29
102.29
102.29
102.29
102.29
102.29
102.29
102.29
102.29
102.29
102.29
102.29
102.29
102.29
102.29
102.29
102.29
102.29
102.29
102.29
102.29
102.29
102.29
102.29
102.29
102.29
102.29
102.29
102.29
102.29
102.29
102.29
102.29
102.29
102.29
102.29
102.29
102.29
102.29
102.29
102.29
102.29
102.29
102.29
102.29
102.29
102.29
102.29
102.29
102.29
102.29
102.29
102.29
102.29
102.29
102.29
102.29
102.29
102.29
102.29
102.29
102.29
102.29
102.29
102.29
102.29
102.29
102.29
102.29
102.29
102.29
102.29
102.29
102.29
102.29
102.29
102.29
102.29
102.29
102.29
102.29
102.29
102.29
102.29
102.29
102.29
102.29
102.29
102.29
102.29
102.29
102.29
102.29
102.29
102.29
102.29
102.29
102.29
102.29
102.29
102.29
102.29
102.29
102.29
102.29
102.29
102.29
102.29
102.29
102.29
102.29
102.29
102.29
102.29
102.29
102.29
102.29
102.29
102.29
102.29
102.29
102.29
102.29
102.29
102.29
102.29
102.29
102.29
102.29
102.29
102.29
102.29
102.29
102.29
102.29
102.29
102.29
102.29
102.29
102.29
103.12
112.34
124.1
135.98
147.8
157.09
167.24
176.74
6.08
13.58
22.93
34.47
45.12
56.47
65.42
73.68
81.55
91.38
100.6
110.6
121.14
131.37
143.37
153.39
163.03
169.76
177.72
6.41
15.06
23.17
29.74
37.47
45.96
56.61
66.44
76.37
82.84
89.46
96.2
102.35
110.52
118.54
127.69
135.5
144.89
153.51
162.78
170.78
176.62
179.21
179.92
0.04
0.16
0.7
5.69
18
30.76
45.11
59.82
72.3
85.61
96.78
109.39
120.29
131.87
141.13
150.57
160.48
170.67
0.7
7.45
12.87
18.92
26.77
34.29
43.99
53.55
62.19
73.75
84.8
95.16
102.53
109.45
116.94
126.5
136.63
145.16
154.92
163.95
174.46
3.3
12.17
19.32
25.07
33.67
40.3
47.85
54.66
64
73.87
85.83
96.12
105.32
112.15
118.55
125.13
130.99
138.98
145.79
153.84
162.08
172.51
2.76
13.66
22.69
29.83
37.54
45.1
52.12
58.88
67.59
77.61
88.35
99.45
109.21
117.62
124.18
131.48
137.98
146.64
154.97
163.71
172.15
179.32
8.11
15.85
25.05
32.4
37.75
41.19
45.55
51.14
58.35
66.1
73.8
82.74
91.5
100.51
109.13
117.82
125.42
133.57
140.28
148.83
157.27
165.08
172.52
0.13
10.3
19.25
28.73
36.5
40.13
40.52
40.57
40.68
41.08
43.19
48.88
61.24
75.16
87.77
100.98
113.49
126.66
138.51
151.45
161.98
171.88
0.54
9.05
19.91
29.57
40.04
48.12
53.59
57.57
64.16
71.4
79.56
89.66
99.97
111.52
120.6
130
137.98
146.52
153.36
159.64
164.6
168.05
173.06
178.37
5.3
13.81
23.69
31.98
42.24
50.06
54.35
59.19
71.19
85.86
102.74
117.76
130.36
143.88
154.67
166.33
176.27
6.46
16.27
26.48
39.98
51.66
62.16
69.81
76.4
85.05
94.85
103.98
111
117.36
123.46
132.54
141.12
151.07
159.18
169.13
177.81
6.31
18.59
28.48
37.53
45.56
53.17
57.71
59.96
60.22
61.64
68.98
79.54
90.4
102.34
115.14
128.48
143.6
153.38
165.94
177.92
10.92
21.02
27.14
33.39
40.01
51.66
61.18
71.64
76.63
79.28
86.9
98.47
114.18
128.47
142.62
152.64
164.15
177.52
9.79
17.88
22.01
25.93
37.48
53.94
66.06
71.72
71.92
72.35
75.51
93.74
116.24
134.21
152.23
167.98
2.72
13.47
28.21
46.73
64.78
79.05
89.21
93.18
97.89
104.73
114.99
131.58
146.77
158.8
164.63
175.19
12.39
26.94
37.9
44.6
51.09
59.93
71.92
83.57
94.59
103.11
109.34
112.53
114.25
115.03
115.65
117.28
120.8
128.52
141.42
159.95
174.1
7.25
16.6
25.58
33.61
42.05
49.95
60.57
70.16
75.47
82.51
92.58
108.91
126.67
144.76
160.18
171.37
0.87
11.78
24.46
30.52
34.23
37.05
45.97
58.35
68.89
75.7
82.85
91.99
98.34
104.66
112.12
124.15
136.26
150
161.18
167.07
171.91
177.09
4.33
14.02
29.57
45.08
55.64
58.5
58.67
58.84
59.94
66.02
78.48
95.84
108.64
122.25
134.58
145.59
154.56
163.19
172.21
179.64
6.06
12.16
18.45
24.03
33.03
41.41
51.09
60.91
71.9
81.88
92.98
104.21
115.69
128.08
137.52
146.5
152.1
156.87
162.44
170.83
1.31
13.04
24.64
35.19
44.08
50.03
54.36
57.83
62.53
66.12
69.61
73.46
78.7
85.04
92.17
101.65
110.38
119.77
126.54
131.46
134.09
136.11
139.03
141.14
142.5
145.37
150.88
156.25
162.92
169.5
176.2
2.6
9.67
17.26
24.24
31.98
42.75
51.71
57.55
63.42
66.42
70.7
75.28
78.71
80.44
82.75
87.58
95.7
105.85
113.59
121.99
130.2
139.57
146.46
151.24
157.42
163.35
167.47
168.11
169.87
173.33
177.73
0.78
2.49
7.23
14.07
21.63
27.44
35.14
45.28
55.82
64.63
71.11
76.79
82.17
85.5
85.5
85.5
85.5
85.5
85.5
85.5
85.5
85.5
85.5
85.5
85.5
85.5
85.5
85.5
85.5
85.5
85.5
85.5
85.5
85.5
85.5
85.5
85.5
85.5
85.5
85.5
85.5
85.5
85.5
85.5
85.5
85.5
85.5
85.5
85.5
85.5
85.5
85.5
85.5
85.5
85.5
85.5
85.5
85.5
85.5
85.5
85.5
85.5
85.5
85.5
85.5
85.5
85.5
85.5
85.5
85.5
85.5
85.5
85.5
85.5
85.5
85.5
85.5
85.5
85.5
85.5
85.5
85.5
85.5
85.5
85.5
85.5
85.5
85.5
85.5
85.5
85.5
85.5
85.5
85.5
85.5
85.5
85.5
85.5
85.5
85.5
85.5
85.5
85.5
85.5
85.5
85.5
85.5
85.5
85.5
85.5
85.5
85.5
85.5
85.5
85.5
85.5
85.5
85.5
85.5
85.5
85.5
85.5
85.5
85.5
85.5
85.5
85.5
85.5
85.5
85.5
85.5
85.5
85.5
85.5
85.5
85.5
85.5
85.5
85.5
85.5
85.5
85.5
85.5
85.5
85.5
85.5
85.5
85.5
85.5
85.5
85.5
85.5
85.5
85.5
85.5
85.5
85.5
85.5
85.5
85.5
85.5
85.5
85.5
85.5
85.5
85.5
85.5
85.5
85.5
85.5
85.5
85.5
85.5
85.5
85.5
85.5
85.5
85.5
85.5
85.5
85.5
85.5
85.5
85.5
85.5
85.5
85.5
85.5
85.5
85.5
85.5
85.5
85.5
85.5
85.5
85.5
85.5
85.5
85.5
85.5
85.5
85.5
85.5
85.5
85.5
85.5
85.5
85.5
85.5
85.5
85.5
85.5
85.5
85.5
85.5
85.5
85.5
85.5
85.5
85.5
85.5
85.5
85.5
85.5
85.5
85.5
85.5
85.5
85.5
85.5
85.5
85.5
85.5
85.5
85.5
85.5
85.5
85.5
85.5
85.5
85.5
85.5
85.5
85.5
85.5
85.5
85.5
85.5
85.5
85.5
85.5
85.5
85.5
85.5
85.5
85.5
85.5
85.5
85.5
85.5
85.5
85.5
85.5
85.5
85.5
85.5
85.5
85.5
85.5
85.5
85.5
85.5
85.5
85.5
85.5
85.5
85.5
85.5
85.5
85.5
85.5
85.5
85.5
85.5
85.5
85.5
85.5
85.5
85.5
85.5
85.5
85.5
85.5
85.5
85.5
85.5
85.5
85.5
85.5
85.5
85.5
85.5
85.5
85.5
85.5
85.5
85.5
85.5
85.5
85.5
85.5
85.5
85.5
85.5
85.5
85.5
85.5
85.5
85.5
85.5
85.5
85.5
85.5
85.5
85.5
85.5
85.5
85.5
85.5
85.5
85.5
85.5
85.5
85.5
85.5
85.5
85.5
85.5
85.5
85.5
85.5
85.5
85.5
85.5
85.5
85.5
85.5
85.5
85.5
85.5
85.5
85.5
85.5
85.5
85.5
85.5
85.5
85.5
85.5
85.5
85.5
85.5
85.5
85.5
85.5
85.5
85.5
85.5
85.5
85.5
85.5
85.5
85.5
85.5
85.5
85.5
85.5
85.5
85.5
85.5
85.5
85.5
85.5
85.5
85.5
85.5
85.5
85.5
85.5
85.5
85.5
85.5
85.5
85.5
85.5
85.5
85.5
85.5
85.5
85.5
85.5
85.5
85.5
85.5
85.5
85.5
85.5
85.5
85.5
85.5
85.5
85.5
85.5
85.5
85.5
85.5
85.5
85.5
85.5
85.5
85.5
85.5
85.5
85.5
85.5
85.5
85.5
85.5
85.5
85.5
85.5
85.5
85.5
85.5
85.5
85.5
85.5
85.5
85.5
85.5
85.5
85.5
85.5
85.5
85.5
85.5
85.5
85.5
85.5
85.5
85.5
85.5
85.5
85.5
85.5
85.5
85.5
85.5
85.5
85.5
85.5
85.5
85.5
85.5
85.5
85.5
85.5
85.5
85.5
85.5
85.5
85.5
85.5
85.5
85.5
85.5
85.5
85.5
85.5
85.5
85.5
85.5
85.5
85.5
85.5
85.5
85.5
85.5
85.5
85.5
85.5
85.5
85.5
85.5
85.5
85.5
85.5
85.5
85.5
85.5
85.5
85.5
85.5
85.5
85.5
85.5
85.5
85.5
85.5
85.5
85.5
85.5
85.5
85.5
92.29
105.77
116.97
127.13
134.24
142.32
149.92
158.42
166.5
175.51
3.36
12.63
23.45
34.71
45.64
51.9
52.26
51.74
46.15
35.73
35.2
40.4
50.72
66.1
76.58
85.44
94.06
103.25
110.97
122.19
134.74
149.19
163.78
178.89
9.74
13.52
19.71
27.13
36.51
42.56
45.18
45.35
45.89
46.06
47.51
54.48
65.19
77.58
88.41
101
112.63
124.61
134.77
143.36
152.37
162.38
172.8
1.43
13.03
23.46
34.28
40.99
45.95
48.88
52.4
57.34
62.38
67.08
70.04
74.82
81.13
90.93
105.39
117.43
126.54
133.53
141.36
149.71
162.32
174.6
4.9
15.06
25.23
37.74
48.54
59
66.38
72.59
80.74
89.98
94.84
95.81
96.66
97.85
104.78
116.23
128.2
136.63
145.23
154.94
168.63
2.73
15.02
28.02
40.62
57.47
71.86
82.39
90.25
102.52
117.97
127.91
135.61
141.99
148.17
152.49
158.68
163.35
169.57
178.67
6.94
16.18
26.45
37.01
45.32
52.35
55.71
60.22
63.9
67.52
70.48
71.71
72.66
74.2
78.38
84.46
89
90.99
91.9
92.98
96.98
106.14
123.13
141.43
151.87
167.19
0.96
13.33
22.73
29.07
32.58
38.47
49.02
64.67
79.87
93.38
100.27
101.47
102.4
103.23
103.7
104.09
104.36
105.59
112.27
121.93
130.83
140.63
149.71
163.19
176.95
11.83
23.66
35.55
44.4
54.53
66.94
79.71
94.34
107.27
120.62
130.29
139.43
147.06
155.46
161.84
167
172.66
179.11
7.09
12.76
18.26
24.15
33.78
45.46
54.67
62.1
68.41
77.07
84.21
92.24
100.57
111.32
120.9
131.8
141.52
152.95
164.25
173.2
2.75
9.35
15.51
20.74
26.97
33.58
43.2
53.17
64.99
73.04
80.49
88.26
95.01
103.43
110.87
118.55
124.4
129.83
135.04
139.37
144.19
149.12
157.04
164.39
171.91
176.82
1.17
5.29
8.4
11.62
16.12
22.34
28.88
36.97
45.21
55.12
63.39
72.99
80.36
87.23
93.59
99.94
107.01
113.8
119.48
123.74
129.78
135.79
143.48
151.5
158.22
164.99
170.45
177.02
2.57
8.09
12.91
18.24
22.09
26.08
29.41
32.74
37.03
41.67
47.81
55.88
66.33
75.18
84.33
91.17
95.39
100.17
106.56
114.39
121.34
128.01
132.56
134.15
134.34
134.7
135.03
135.58
135.76
135.85
135.92
136.47
147.65
165.03
1.44
11.69
20.36
25.91
29.06
31.72
37.02
44.83
55.82
68.01
78.18
87.56
96.02
102.38
107.24
112.98
120.11
128.81
136.91
146
154.07
162.48
170.46
179.33
10.52
19.12
27.1
33.7
38.04
39.66
40.52
41.34
45.15
51.77
62.19
73.35
83.92
95.65
105.36
112.58
114.54
116.17
116.97
118.53
119.08
119.91
126.65
138.04
151.36
161.97
173.34
4.04
15.23
23.31
31.01
36.04
39.34
42.64
45.58
50.65
56.54
64.15
71.89
79.17
86.68
96.72
106.11
118.34
131.35
142.2
152.75
160.46
168.35
174.36
177.84
0.57
3.65
13.04
25.25
35.79
48.79
58.56
65.13
72.63
75.95
81.01
85.47
92.22
100.52
108.67
115.62
126.24
136.32
147.72
158.79
168.14
177.72
4.89
12.47
20.33
29.14
39.59
49.32
59.68
66.92
74.36
80.32
86.64
91.48
96.92
102.72
110.71
118.2
124.84
132.42
142.06
154.44
165.05
176.47
4.32
11.41
18.48
27.42
38.34
48.74
60.09
69.74
78.57
84.53
90.75
96.54
102.44
109.9
116.47
123.22
128.95
135.32
142.2
152.12
162.96
173.9
2.84
11.98
20.5
30.21
39.38
48.41
59.77
71.05
84.34
93.47
103.19
111.87
120.36
127.31
135.22
144.18
154.03
165.95
177.37
7.81
15.6
20.04
21.63
22.5
28.52
28.52
28.52
28.52
28.52
28.52
28.52
28.52
28.52
28.52
28.52
28.52
28.52
28.52
28.52
28.52
28.52
28.52
28.52
28.52
28.52
28.52
28.52
28.52
28.52
28.52
28.52
28.52
28.52
28.52
28.52
28.52
28.52
28.52
28.52
28.52
28.52
28.52
28.52
28.52
28.52
28.52
28.52
28.52
28.52
28.52
28.52
28.52
28.52
28.52
28.52
28.52
28.52
28.52
28.52
28.52
28.52
28.52
28.52
28.52
28.52
28.52
28.52
28.52
28.52
28.52
28.52
28.52
28.52
28.52
28.52
28.52
28.52
28.52
28.52
28.52
28.52
28.52
28.52
28.52
28.52
28.52
28.52
28.52
28.52
28.52
28.52
28.52
28.52
28.52
28.52
28.52
28.52
28.52
28.52
28.52
28.52
28.52
28.52
28.52
28.52
28.52
28.52
28.52
28.52
28.52
28.52
28.52
28.52
28.52
28.52
28.52
28.52
28.52
28.52
28.52
28.52
28.52
28.52
28.52
28.52
28.52
28.52
28.52
28.52
28.52
28.52
28.52
28.52
28.52
28.52
28.52
28.52
28.52
28.52
28.52
28.52
28.52
28.52
28.52
28.52
28.52
28.52
28.52
28.52
28.52
28.52
28.52
28.52
28.52
28.52
28.52
28.52
28.52
28.52
28.52
28.52
28.52
28.52
28.52
28.52
28.52
28.52
28.52
28.52
28.52
28.52
28.52
28.52
28.52
28.52
28.52
28.52
28.52
28.52
28.52
28.52
28.52
28.52
28.52
28.52
28.52
28.52
28.52
28.52
28.52
28.52
28.52
28.52
28.52
28.52
28.52
28.52
28.52
28.52
28.52
28.52
28.52
28.52
28.52
28.52
28.52
28.52
28.52
28.52
28.52
28.52
28.52
28.52
28.52
28.52
28.52
28.52
28.52
28.52
28.52
28.52
28.52
28.52
28.52
28.52
28.52
28.52
28.52
28.52
28.52
28.52
28.52
28.52
28.52
28.52
28.52
28.52
28.52
28.52
28.52
28.52
28.52
28.52
28.52
28.52
28.52
28.52
28.52
28.52
28.52
28.52
28.52
28.52
28.52
28.52
28.52
28.52
28.52
28.52
28.52
28.52
28.52
28.52
28.52
28.52
28.52
28.52
28.52
28.52
28.52
28.52
28.52
28.52
28.52
28.52
28.52
28.52
28.52
28.52
28.52
28.52
28.52
28.52
28.52
28.52
28.52
28.52
28.52
28.52
28.52
28.52
28.52
28.52
28.52
28.52
28.52
28.52
28.52
28.52
28.52
28.52
28.52
28.52
28.52
28.52
28.52
28.52
28.52
28.52
28.52
28.52
28.52
28.52
28.52
28.52
28.52
28.52
28.52
28.52
28.52
28.52
28.52
28.52
28.52
28.52
28.52
28.52
28.52
28.52
28.52
28.52
28.52
28.52
28.52
28.52
28.52
28.52
28.52
28.52
28.52
28.52
28.52
28.52
28.52
28.52
28.52
28.52
28.52
28.52
28.52
28.52
28.52
28.52
28.52
28.52
28.52
28.52
28.52
28.52
28.52
28.52
28.52
28.52
28.52
28.52
28.52
28.52
28.52
28.52
28.52
28.52
28.52
28.52
28.52
28.52
28.52
28.52
28.52
28.52
28.52
28.52
28.52
28.52
28.52
28.52
28.52
28.52
28.52
28.52
28.52
28.52
28.52
28.52
28.52
28.52
28.52
28.52
28.52
28.52
28.52
28.52
28.52
28.52
28.52
28.52
28.52
28.52
28.52
28.52
28.52
28.52
28.52
28.52
28.52
28.52
28.52
28.52
28.52
28.52
28.52
28.52
28.52
28.52
28.52
28.52
28.52
28.52
28.52
28.52
28.52
28.52
28.52
28.52
28.52
28.52
28.52
28.52
28.52
28.52
28.52
28.52
28.52
28.52
28.52
28.52
28.52
28.52
28.52
28.52
28.52
28.52
28.52
28.52
28.52
28.52
28.52
28.52
28.52
28.52
28.52
28.52
28.52
28.52
28.52
28.52
28.52
28.52
28.52
28.52
28.52
28.52
28.52
28.52
28.52
28.52
28.52
28.52
28.52
28.52
28.52
28.52
28.52
28.52
28.52
28.52
28.52
28.52
28.52
28.52
28.52
28.52
28.52
28.52
28.52
28.52
28.52
28.52
28.52
28.52
28.52
28.52
28.52
28.52
28.52
28.52 