
1.26
1.26
1.26
1.26
1.26
1.26
1.26
1.26
1.26
1.26
1.26
1.27
1.27
1.27
1.27
1.27
1.27
1.27
1.27
1.27
1.27
1.27
1.27
1.27
1.27
1.27
1.26
1.26
1.26
1.26
1.26
1.26
1.26
1.26
1.26
1.26
1.26
1.26
1.26
1.26
1.26
1.26
1.24
1.24
1.24
1.24
1.24
1.24
1.24
1.24
1.24
1.24
1.24
1.18
1.18
1.18
1.18
1.18
1.18
1.18
1.18
1.18
1.18
1.18
1.18
1.18
1.18
1.18
1.18
1.09
1.09
1.09
1.09
1.09
1.09
1.09
1.09
0.98
0.98
0.98
0.98
0.98
0.98
0.98
0.98
0.98
0.98
0.98
0.98
0.98
0.98
0.98
0.98
0.84
0.84
0.84
0.84
0.84
0.84
0.84
0.84
0.84
0.84
0.84
0.84
0.84
0.84
0.84
0.7
0.7
0.7
0.7
0.7
0.7
0.7
0.7
0.7
0.7
0.7
0.7
0.56
0.56
0.56
0.56
0.56
0.56
0.56
0.56
0.56
0.56
0.56
0.56
0.56
0.56
0.56
0.56
0.56
0.56
0.56
0.41
0.41
0.41
0.41
0.41
0.41
0.41
0.41
0.41
0.41
0.41
0.41
0.41
0.41
0.41
0.41
0.41
0.41
0.23
0.23
0.23
0.23
0.23
0.23
0.23
0.23
0.23
0.23
0.23
0.23
0.23
0.23
0.23
0.02
0.02
0.02
0.02
0.02
0.02
0.02
0.02
0.02
0.02
0.02
0.02
0.02
0.02
0.02
0.02
-0.25
-0.25
-0.25
-0.25
-0.25
-0.25
-0.25
-0.25
-0.25
-0.25
-0.25
-0.25
-0.25
-0.25
-0.25
-0.25
-0.25
-0.25
-0.25
-0.25
-0.25
-0.56
-0.56
-0.56
-0.56
-0.56
-0.56
-0.56
-0.56
-0.92
-0.92
-0.92
-0.92
-0.92
-0.92
-0.92
-0.92
-0.92
-0.92
-0.92
-0.92
-0.92
-0.92
-1.31
-1.31
-1.31
-1.31
-1.31
-1.31
-1.31
-1.31
-1.31
-1.31
-1.31
-1.31
-1.72
-1.72
-1.72
-1.72
-1.72
-1.72
-1.72
-1.72
-1.72
-1.72
-1.72
-1.72
-1.72
-1.72
-1.72
-1.72
-1.72
-1.72
-2.15
-2.15
-2.15
-2.15
-2.15
-2.15
-2.15
-2.15
-2.15
-2.15
-2.15
-2.15
-2.15
-2.15
-2.15
-2.15
-2.15
-2.57
-2.57
-2.57
-2.57
-2.57
-2.57
-2.57
-2.57
-2.57
-2.57
-2.57
-2.57
-2.57
-2.57
-3
-3
-3
-3
-3
-3
-3
-3
-3
-3
-3
-3
-3
-3
-3
-3
-3
-3.44
-3.44
-3.44
-3.44
-3.44
-3.44
-3.44
-3.44
-3.44
-3.44
-3.44
-3.44
-3.44
-3.44
-3.44
-3.44
-3.89
-3.89
-3.89
-3.89
-3.89
-3.89
-3.89
-3.89
-3.89
-3.89
-3.89
-3.89
-3.89
-4.36
-4.36
-4.36
-4.36
-4.36
-4.36
-4.36
-4.36
-4.36
-4.36
-4.36
-4.36
-4.36
-4.36
-4.36
-4.36
-4.36
-4.85
-4.85
-4.85
-4.85
-4.85
-4.85
-4.85
-4.85
-4.85
-4.85
-4.85
-4.85
-4.85
-4.85
-4.85
-4.85
-4.85
-4.85
-5.36
-5.36
-5.36
-5.36
-5.36
-5.36
-5.36
-5.36
-5.36
-5.36
-5.36
-5.36
-5.36
-5.36
-5.36
-5.89
-5.89
-5.89
-5.89
-5.89
-5.89
-5.89
-5.89
-5.89
-5.89
-5.89
-5.89
-5.89
-5.89
-5.89
-5.89
-5.89
-5.89
-6.43
-6.43
-6.43
-6.43
-6.43
-6.43
-6.43
-6.43
-6.43
-6.43
-6.43
-6.43
-6.43
-6.43
-6.99
-6.99
-6.99
-6.99
-6.99
-6.99
-6.99
-6.99
-6.99
-6.99
-6.99
-7.55
-7.55
-7.55
-7.55
-7.55
-7.55
-7.55
-7.55
-7.55
-7.55
-7.55
-7.55
-7.55
-7.55
-7.55
-7.55
-7.55
-8.12
-8.12
-8.12
-8.12
-8.12
-8.12
-8.12
-8.12
-8.12
-8.12
-8.12
-8.12
-8.12
-8.69
-8.69
-8.69
-8.69
-8.69
-8.69
-8.69
-8.69
-8.69
-8.69
-8.69
-8.69
-8.69
-8.69
-8.69
-9.27
-9.27
-9.27
-9.27
-9.27
-9.27
-9.27
-9.27
-9.27
-9.27
-9.27
-9.27
-9.27
-9.85
-9.85
-9.85
-9.85
-9.85
-9.85
-9.85
-9.85
-9.85
-9.85
-9.85
-9.85
-9.85
-9.85
-9.85
-10.43
-10.43
-10.43
-10.43
-10.43
-10.43
-10.43
-10.43
-10.43
-10.43
-10.43
-10.43
-10.43
-10.43
-10.43
-10.43
-11.03
-11.03
-11.03
-11.03
-11.03
-11.03
-11.03
-11.03
-11.03
-11.03
-11.03
-11.03
-11.03
-11.03
-11.03
-11.03
-11.67
-11.67
-11.67
-11.67
-11.67
-11.67
-11.67
-11.67
-11.67
-11.67
-11.67
-11.67
-12.34
-12.34
-12.34
-12.34
-12.34
-12.34
-12.34
-12.34
-12.34
-12.34
-12.34
-12.34
-12.34
-12.34
-12.34
-12.34
-12.34
-12.34
-13.05
-13.05
-13.05
-13.05
-13.05
-13.05
-13.05
-13.05
-13.05
-13.05
-13.05
-13.05
-13.05
-13.05
-13.05
-13.05
-13.82
-13.82
-13.82
-13.82
-13.82
-13.82
-13.82
-13.82
-13.82
-13.82
-13.82
-13.82
-13.82
-13.82
-13.82
-14.66
-14.66
-14.66
-14.66
-14.66
-14.66
-14.66
-14.66
-14.66
-14.66
-14.66
-14.66
-14.66
-14.66
-14.66
-14.66
-15.59
-15.59
-15.59
-15.59
-15.59
-15.59
-15.59
-15.59
-15.59
-15.59
-15.59
-15.59
-15.59
-16.62
-16.62
-16.62
-16.62
-16.62
-16.62
-16.62
-16.62
-16.62
-16.62
-16.62
-16.62
-16.62
-16.62
-16.62
-16.62
-16.62
-17.78
-17.78
-17.78
-17.78
-17.78
-17.78
-17.78
-17.78
-17.78
-17.78
-17.78
-17.78
-17.78
-17.78
-19.05
-19.05
-19.05
-19.05
-19.05
-19.05
-19.05
-19.05
-19.05
-19.05
-19.05
-19.05
-19.05
-19.05
-19.05
-19.05
-20.41
-20.41
-20.41
-20.41
-20.41
-20.41
-20.41
-20.41
-20.41
-20.41
-20.41
-20.41
-20.41
-20.41
-20.41
-20.41
-20.41
-21.85
-21.85
-21.85
-21.85
-21.85
-21.85
-21.85
-21.85
-21.85
-21.85
-21.85
-21.85
-21.85
-21.85
-21.85
-21.85
-21.85
-23.39
-23.39
-23.39
-23.39
-23.39
-23.39
-23.39
-23.39
-23.39
-23.39
-23.39
-23.39
-24.99
-24.99
-24.99
-24.99
-24.99
-24.99
-24.99
-24.99
-24.99
-24.99
-24.99
-24.99
-24.99
-24.99
-24.99
-26.65
-26.65
-26.65
-26.65
-26.65
-26.65
-26.65
-26.65
-26.65
-26.65
-26.65
-26.65
-26.65
-26.65
-26.65
-28.35
-28.35
-28.35
-28.35
-28.35
-28.35
-28.35
-28.35
-28.35
-28.35
-30.08
-30.08
-30.08
-30.08
-30.08
-30.08
-30.08
-30.08
-30.08
-30.08
-30.08
-30.08
-30.08
-30.08
-30.08
-30.08
-30.08
-30.08
-31.85
-31.85
-31.85
-31.85
-31.85
-31.85
-31.85
-31.85
-31.85
-31.85
-31.85
-31.85
-33.65
-33.65
-33.65
-33.65
-33.65
-33.65
-33.65
-33.65
-33.65
-33.65
-33.65
-33.65
-33.65
-33.65
-33.65
-35.47
-35.47
-35.47
-35.47
-35.47
-35.47
-35.47
-35.47
-35.47
-35.47
-35.47
-35.47
-35.47
-37.3
-37.3
-37.3
-37.3
-37.3
-37.3
-37.3
-37.3
-37.3
-37.3
-37.3
-39.13
-39.13
-39.13
-39.13
-39.13
-39.13
-39.13
-39.13
-39.13
-39.13
-39.13
-39.13
-39.13
-39.13
-39.13
-39.13
-39.13
-39.13
-40.96
-40.96
-40.96
-40.96
-40.96
-40.96
-40.96
-40.96
-40.96
-40.96
-40.96
-40.96
-40.96
-40.96
-40.96
-40.96
-40.96
-42.79
-42.79
-42.79
-42.79
-42.79
-42.79
-42.79
-42.79
-42.79
-42.79
-44.63
-44.63
-44.63
-44.63
-44.63
-44.63
-44.63
-44.63
-44.63
-44.63
-44.63
-44.63
-44.63
-44.63
-44.63
-46.48
-46.48
-46.48
-46.48
-46.48
-46.48
-46.48
-46.48
-46.48
-46.48
-46.48
-46.48
-46.48
-46.48
-46.48
-46.48
-46.48
-46.48
-48.36
-48.36
-48.36
-48.36
-48.36
-48.36
-48.36
-48.36
-48.36
-48.36
-48.36
-50.27
-50.27
-50.27
-50.27
-50.27
-50.27
-50.27
-50.27
-50.27
-50.27
-50.27
-50.27
-50.27
-50.27
-52.19
-52.19
-52.19
-52.19
-52.19
-52.19
-52.19
-52.19
-52.19
-52.19
-52.19
-52.19
-52.19
-54.15
-54.15
-54.15
-54.15
-54.15
-54.15
-54.15
-56.14
-56.14
-56.14
-56.14
-56.14
-56.14
-56.14
-56.14
-56.14
-58.16
-58.16
-58.16
-58.16
-58.16
-58.16
-58.16
-58.16
-58.16
-58.16
-58.16
-58.16
-60.2
-60.2
-60.2
-60.2
-60.2
-60.2
-60.2
-60.2
-60.2
-60.2
-60.2
-60.2
-60.2
-60.2
-60.2
-60.2
-60.2
-60.2
-60.2
-62.25
-62.25
-62.25
-62.25
-62.25
-62.25
-62.25
-62.25
-62.25
-62.25
-62.25
-62.25
-62.25
-62.25
-62.25
-62.25
-64.33
-64.33
-64.33
-64.33
-64.33
-64.33
-64.33
-64.33
-64.33
-64.33
-64.33
-66.4
-66.4
-66.4
-66.4
-66.4
-66.4
-66.4
-66.4
-66.4
-66.4
-66.4
-66.4
-66.4
-66.4
-66.4
-68.47
-68.47
-68.47
-68.47
-68.47
-68.47
-68.47
-68.47
-68.47
-68.47
-68.47
-68.47
-68.47
-68.47
-68.47
-70.55
-70.55
-70.55
-70.55
-70.55
-70.55
-70.55
-70.55
-70.55
-70.55
-70.55
-70.55
-72.63
-72.63
-72.63
-72.63
-72.63
-72.63
-72.63
-72.63
-72.63
-72.63
-72.63
-72.63
-72.63
-72.63
-72.63
-72.63
-74.7
-74.7
-74.7
-74.7
-74.7
-74.7
-74.7
-74.7
-74.7
-74.7
-74.7
-74.7
-74.7
-74.7
-74.7
-74.7
-74.7
-76.77
-76.77
-76.77
-76.77
-76.77
-76.77
-76.77
-76.77
-76.77
-76.77
-76.77
-76.77
-76.77
-78.82
-78.82
-78.82
-78.82
-78.82
-78.82
-78.82
-78.82
-78.82
-78.82
-78.82
-78.82
-78.82
-78.82
-78.82
-78.82
-78.82
-80.89
-80.89
-80.89
-80.89
-80.89
-80.89
-80.89
-80.89
-80.89
-80.89
-80.89
-80.89
-82.96
-82.96
-82.96
-82.96
-82.96
-82.96
-82.96
-82.96
-82.96
-82.96
-82.96
-82.96
-82.96
-82.96
-82.96
-82.96
-82.96
-85.03
-85.03
-85.03
-85.03
-85.03
-85.03
-85.03
-85.03
-85.03
-85.03
-85.03
-85.03
-85.03
-85.03
-85.03
-85.03
-87.12
-87.12
-87.12
-87.12
-87.12
-87.12
-87.12
-87.12
-87.12
-87.12
-87.12
-87.12
-87.12
-87.12
-87.12
-89.24
-89.24
-89.24
-89.24
-89.24
-89.24
-89.24
-89.24
-89.24
-89.24
-89.24
-89.24
-89.24
-89.24
-89.24
-91.37
-91.37
-91.37
-91.37
-91.37
-91.37
-91.37
-91.37
-91.37
-91.37
-91.37
-91.37
-91.37
-91.37
-91.37
-91.37
-91.37
-91.37
-93.53
-93.53
-93.53
-93.53
-93.53
-93.53
-93.53
-93.53
-93.53
-93.53
-93.53
-93.53
-95.71
-95.71
-95.71
-95.71
-95.71
-95.71
-95.71
-95.71
-95.71
-95.71
-95.71
-95.71
-95.71
-95.71
-95.71
-95.71
-95.71
-97.9
-97.9
-97.9
-97.9
-97.9
-97.9
-97.9
-97.9
-97.9
-97.9
-97.9
-97.9
-97.9
-97.9
-97.9
-97.9
-97.9
-100.09
-100.09
-100.09
-100.09
-100.09
-100.09
-100.09
-100.09
-100.09
-100.09
-100.09
-100.09
-100.09
-100.09
-102.28
-102.28
-102.28
-102.28
-102.28
-102.28
-102.28
-102.28
-102.28
-102.28
-102.28
-102.28
-102.28
-102.28
-102.28
-102.28
-102.28
-104.47
-104.47
-104.47
-104.47
-104.47
-104.47
-104.47
-104.47
-104.47
-104.47
-104.47
-104.47
-104.47
-104.47
-104.47
-106.67
-106.67
-106.67
-106.67
-106.67
-106.67
-106.67
-106.67
-106.67
-106.67
-106.67
-106.67
-106.67
-106.67
-106.67
-108.88
-108.88
-108.88
-108.88
-108.88
-108.88
-108.88
-108.88
-108.88
-108.88
-108.88
-108.88
-108.88
-108.88
-108.88
-108.88
-108.88
-111.09
-111.09
-111.09
-111.09
-111.09
-111.09
-111.09
-111.09
-111.09
-111.09
-111.09
-111.09
-111.09
-111.09
-111.09
-113.31
-113.31
-113.31
-113.31
-113.31
-113.31
-113.31
-113.31
-113.31
-113.31
-113.31
-113.31
-113.31
-113.31
-113.31
-113.31
-113.31
-113.31
-115.52
-115.52
-115.52
-115.52
-115.52
-115.52
-115.52
-115.52
-115.52
-115.52
-115.52
-115.52
-115.52
-115.52
-115.52
-115.52
-115.52
-115.52
-115.52
-117.73
-117.73
-117.73
-117.73
-117.73
-117.73
-117.73
-117.73
-117.73
-117.73
-117.73
-117.73
-117.73
-117.73
-119.93
-119.93
-119.93
-119.93
-119.93
-119.93
-119.93
-119.93
-119.93
-119.93
-119.93
-119.93
-119.93
-119.93
-122.13
-122.13
-122.13
-122.13
-122.13
-122.13
-122.13
-122.13
-122.13
-122.13
-122.13
-122.13
-122.13
-122.13
-122.13
-122.13
-122.13
-122.13
-122.13
-124.31
-124.31
-124.31
-124.31
-124.31
-124.31
-124.31
-124.31
-124.31
-124.31
-124.31
-124.31
-124.31
-124.31
-126.46
-126.46
-126.46
-126.46
-126.46
-126.46
-126.46
-126.46
-126.46
-126.46
-126.46
-126.46
-126.46
-126.46
-126.46
-126.46
-126.46
-126.46
-128.59
-128.59
-128.59
-128.59
-128.59
-128.59
-128.59
-128.59
-128.59
-128.59
-128.59
-128.59
-128.59
-128.59
-128.59
-128.59
-128.59
-130.7
-130.7
-130.7
-130.7
-130.7
-130.7
-130.7
-130.7
-130.7
-130.7
-130.7
-130.7
-130.7
-130.7
-132.82
-132.82
-132.82
-132.82
-132.82
-132.82
-132.82
-132.82
-132.82
-132.82
-132.82
-132.82
-132.82
-132.82
-132.82
-132.82
-132.82
-132.82
-134.94
-134.94
-134.94
-134.94
-134.94
-134.94
-134.94
-134.94
-134.94
-134.94
-134.94
-134.94
-134.94
-134.94
-134.94
-134.94
-134.94
-134.94
-137.05
-137.05
-137.05
-137.05
-137.05
-137.05
-137.05
-137.05
-137.05
-137.05
-137.05
-137.05
-137.05
-137.05
-139.15
-139.15
-139.15
-139.15
-139.15
-139.15
-139.15
-139.15
-139.15
-139.15
-139.15
-139.15
-139.15
-139.15
-139.15
-139.15
-139.15
-139.15
-139.15
-141.21
-141.21
-141.21
-141.21
-141.21
-141.21
-141.21
-141.21
-141.21
-141.21
-141.21
-141.21
-141.21
-141.21
-141.21
-141.21
-141.21
-143.22
-143.22
-143.22
-143.22
-143.22
-143.22
-143.22
-143.22
-143.22
-143.22
-143.22
-143.22
-143.22
-143.22
-145.18
-145.18
-145.18
-145.18
-145.18
-145.18
-145.18
-145.18
-145.18
-145.18
-145.18
-145.18
-145.18
-145.18
-145.18
-145.18
-147.13
-147.13
-147.13
-147.13
-147.13
-147.13
-147.13
-147.13
-147.13
-147.13
-147.13
-147.13
-147.13
-149.05
-149.05
-149.05
-149.05
-149.05
-149.05
-149.05
-149.05
-149.05
-149.05
-149.05
-149.05
-149.05
-149.05
-149.05
-149.05
-149.05
-150.98
-150.98
-150.98
-150.98
-150.98
-150.98
-150.98
-150.98
-150.98
-150.98
-150.98
-150.98
-150.98
-150.98
-150.98
-150.98
-152.92
-152.92
-152.92
-152.92
-152.92
-152.92
-152.92
-152.92
-152.92
-152.92
-152.92
-152.92
-152.92
-152.92
-154.88
-154.88
-154.88
-154.88
-154.88
-154.88
-154.88
-154.88
-154.88
-154.88
-154.88
-154.88
-154.88
-154.88
-154.88
-154.88
-156.83
-156.83
-156.83
-156.83
-156.83
-156.83
-156.83
-156.83
-156.83
-156.83
-156.83
-156.83
-156.83
-156.83
-156.83
-158.79
-158.79
-158.79
-158.79
-158.79
-158.79
-158.79
-158.79
-158.79
-158.79
-158.79
-158.79
-158.79
-158.79
-158.79
-160.74
-160.74
-160.74
-160.74
-160.74
-160.74
-160.74
-160.74
-160.74
-160.74
-160.74
-160.74
-160.74
-160.74
-160.74
-160.74
-162.7
-162.7
-162.7
-162.7
-162.7
-162.7
-162.7
-162.7
-162.7
-162.7
-162.7
-162.7
-162.7
-162.7
-162.7
-162.7
-162.7
-162.7
-162.7
-162.7
-162.7
-164.66
-164.66
-164.66
-164.66
-164.66
-164.66
-164.66
-164.66
-164.66
-164.66
-164.66
-164.66
-164.66
-164.66
-166.63
-166.63
-166.63
-166.63
-166.63
-166.63
-166.63
-166.63
-166.63
-166.63
-166.63
-166.63
-166.63
-166.63
-166.63
-166.63
-166.63
-166.63
-168.59
-168.59
-168.59
-168.59
-168.59
-168.59
-168.59
-168.59
-168.59
-168.59
-168.59
-168.59
-168.59
-168.59
-168.59
-168.59
-170.55
-170.55
-170.55
-170.55
-170.55
-170.55
-170.55
-170.55
-170.55
-170.55
-170.55
-170.55
-170.55
-170.55
-170.55
-172.5
-172.5
-172.5
-172.5
-172.5
-172.5
-172.5
-172.5
-172.5
-172.5
-172.5
-172.5
-172.5
-172.5
-172.5
-172.5
-172.5
-174.44
-174.44
-174.44
-174.44
-174.44
-174.44
-174.44
-174.44
-174.44
-174.44
-174.44
-174.44
-174.44
-174.44
-176.39
-176.39
-176.39
-176.39
-176.39
-176.39
-176.39
-176.39
-176.39
-176.39
-176.39
-176.39
-176.39
-176.39
-176.39
-176.39
-176.39
-178.33
-178.33
-178.33
-178.33
-178.33
-178.33
-178.33
-178.33
-178.33
-178.33
-178.33
-178.33
-178.33
-178.33
-178.33
-178.33
-178.33
-178.33
-178.33
-180.28
-180.28
-180.28
-180.28
-180.28
-180.28
-180.28
-180.28
-180.28
-180.28
-180.28
-180.28
-180.28
-182.24
-182.24
-182.24
-182.24
-182.24
-182.24
-182.24
-182.24
-182.24
-182.24
-182.24
-182.24
-182.24
-182.24
-182.24
-182.24
-182.24
-182.24
-182.24
-182.24
-184.2
-184.2
-184.2
-184.2
-184.2
-184.2
-184.2
-184.2
-184.2
-184.2
-184.2
-184.2
-184.2
-184.2
-184.2
-184.2
-184.2
-186.18
-186.18
-186.18
-186.18
-186.18
-186.18
-186.18
-186.18
-186.18
-186.18
-186.18
-186.18
-186.18
-188.17
-188.17
-188.17
-188.17
-188.17
-188.17
-188.17
-188.17
-188.17
-188.17
-188.17
-188.17
-188.17
-188.17
-188.17
-188.17
-188.17
-188.17
-190.17
-190.17
-190.17
-190.17
-190.17
-190.17
-190.17
-190.17
-190.17
-190.17
-190.17
-190.17
-190.17
-190.17
-190.17
-190.17
-190.17
-190.17
-192.16
-192.16
-192.16
-192.16
-192.16
-192.16
-192.16
-192.16
-192.16
-192.16
-192.16
-192.16
-192.16
-192.16
-192.16
-194.16
-194.16
-194.16
-194.16
-194.16
-194.16
-194.16
-194.16
-194.16
-194.16
-194.16
-194.16
-194.16
-194.16
-194.16
-196.16
-196.16
-196.16
-196.16
-196.16
-196.16
-196.16
-196.16
-196.16
-196.16
-196.16
-196.16
-196.16
-196.16
-198.16
-198.16
-198.16
-198.16
-198.16
-198.16
-198.16
-198.16
-198.16
-198.16
-198.16
-198.16
-198.16
-198.16
-198.16
-198.16
-198.16
-198.16
-198.16
-200.19
-200.19
-200.19
-200.19
-200.19
-200.19
-200.19
-200.19
-200.19
-200.19
-200.19
-200.19
-200.19
-200.19
-200.19
-200.19
-200.19
-200.19
-202.23
-202.23
-202.23
-202.23
-202.23
-202.23
-202.23
-202.23
-202.23
-202.23
-202.23
-202.23
-202.23
-202.23
-204.27
-204.27
-204.27
-204.27
-204.27
-204.27
-204.27
-204.27
-204.27
-204.27
-204.27
-204.27
-204.27
-204.27
-204.27
-204.27
-206.3
-206.3
-206.3
-206.3
-206.3
-206.3
-206.3
-206.3
-206.3
-206.3
-206.3
-206.3
-206.3
-206.3
-206.3
-208.33
-208.33
-208.33
-208.33
-208.33
-208.33
-208.33
-208.33
-208.33
-208.33
-208.33
-208.33
-208.33
-210.35
-210.35
-210.35
-210.35
-210.35
-210.35
-210.35
-210.35
-210.35
-210.35
-210.35
-210.35
-210.35
-210.35
-210.35
-210.35
-210.35
-210.35
-210.35
-212.37
-212.37
-212.37
-212.37
-212.37
-212.37
-212.37
-212.37
-212.37
-212.37
-212.37
-212.37
-212.37
-212.37
-212.37
-212.37
-212.37
-212.37
-212.37
-214.4
-214.4
-214.4
-214.4
-214.4
-214.4
-214.4
-214.4
-214.4
-214.4
-214.4
-216.43
-216.43
-216.43
-216.43
-216.43
-216.43
-216.43
-216.43
-216.43
-216.43
-216.43
-216.43
-216.43
-216.43
-216.43
-216.43
-216.43
-218.46
-218.46
-218.46
-218.46
-218.46
-218.46
-218.46
-218.46
-218.46
-218.46
-218.46
-218.46
-218.46
-218.46
-220.48
-220.48
-220.48
-220.48
-220.48
-220.48
-220.48
-220.48
-220.48
-220.48
-220.48
-220.48
-220.48
-220.48
-220.48
-220.48
-220.48
-220.48
-220.48
-220.48
-222.51
-222.51
-222.51
-222.51
-222.51
-222.51
-222.51
-222.51
-222.51
-222.51
-222.51
-222.51
-222.51
-222.51
-222.51
-222.51
-222.51
-224.54
-224.54
-224.54
-224.54
-224.54
-224.54
-224.54
-224.54
-224.54
-224.54
-224.54
-224.54
-224.54
-224.54
-224.54
-226.56
-226.56
-226.56
-226.56
-226.56
-226.56
-226.56
-226.56
-226.56
-226.56
-226.56
-226.56
-226.56
-226.56
-226.56
-226.56
-228.57
-228.57
-228.57
-228.57
-228.57
-228.57
-228.57
-228.57
-228.57
-228.57
-228.57
-228.57
-228.57
-228.57
-228.57
-230.57
-230.57
-230.57
-230.57
-230.57
-230.57
-230.57
-230.57
-230.57
-230.57
-230.57
-230.57
-230.57
-230.57
-230.57
-230.57
-232.58
-232.58
-232.58
-232.58
-232.58
-232.58
-232.58
-232.58
-232.58
-232.58
-232.58
-232.58
-232.58
-232.58
-232.58
-232.58
-232.58
-232.58
-234.61
-234.61
-234.61
-234.61
-234.61
-234.61
-234.61
-234.61
-234.61
-234.61
-234.61
-234.61
-234.61
-234.61
-234.61
-234.61
-234.61
-234.61
-236.65
-236.65
-236.65
-236.65
-236.65
-236.65
-236.65
-236.65
-236.65
-236.65
-236.65
-236.65
-236.65
-238.71
-238.71
-238.71
-238.71
-238.71
-238.71
-238.71
-238.71
-238.71
-238.71
-238.71
-238.71
-238.71
-238.71
-238.71
-238.71
-238.71
-238.71
-238.71
-240.77
-240.77
-240.77
-240.77
-240.77
-240.77
-240.77
-240.77
-240.77
-240.77
-240.77
-240.77
-240.77
-240.77
-240.77
-240.77
-240.77
-242.83
-242.83
-242.83
-242.83
-242.83
-242.83
-242.83
-242.83
-242.83
-242.83
-242.83
-242.83
-242.83
-242.83
-242.83
-242.83
-244.83
-244.83
-244.83
-244.83
-244.83
-244.83
-244.83
-244.83
-244.83
-244.83
-244.83
-244.83
-244.83
-244.83
-244.83
-244.83
-244.83
-244.83
-244.83
-246.8
-246.8
-246.8
-246.8
-246.8
-246.8
-246.8
-246.8
-246.8
-246.8
-246.8
-246.8
-246.8
-246.8
-246.8
-246.8
-248.72
-248.72
-248.72
-248.72
-248.72
-248.72
-248.72
-248.72
-248.72
-248.72
-248.72
-248.72
-248.72
-248.72
-248.72
-250.6
-250.6
-250.6
-250.6
-250.6
-250.6
-250.6
-250.6
-250.6
-250.6
-250.6
-250.6
-250.6
-250.6
-250.6
-250.6
-250.6
-250.6
-252.44
-252.44
-252.44
-252.44
-252.44
-252.44
-252.44
-252.44
-252.44
-252.44
-252.44
-252.44
-252.44
-254.28
-254.28
-254.28
-254.28
-254.28
-254.28
-254.28
-254.28
-254.28
-254.28
-254.28
-254.28
-254.28
-254.28
-254.28
-254.28
-254.28
-256.1
-256.1
-256.1
-256.1
-256.1
-256.1
-256.1
-256.1
-256.1
-256.1
-256.1
-256.1
-256.1
-256.1
-256.1
-256.1
-256.1
-256.1
-257.91
-257.91
-257.91
-257.91
-257.91
-257.91
-257.91
-257.91
-257.91
-257.91
-257.91
-257.91
-259.71
-259.71
-259.71
-259.71
-259.71
-259.71
-259.71
-259.71
-259.71
-259.71
-259.71
-259.71
-259.71
-259.71
-259.71
-259.71
-259.71
-259.71
-259.71
-259.71
-261.51
-261.51
-261.51
-261.51
-261.51
-261.51
-261.51
-261.51
-261.51
-261.51
-261.51
-261.51
-261.51
-261.51
-261.51
-261.51
-261.51
-261.51
-263.3
-263.3
-263.3
-263.3
-263.3
-263.3
-263.3
-263.3
-263.3
-263.3
-263.3
-263.3
-263.3
-265.1
-265.1
-265.1
-265.1
-265.1
-265.1
-265.1
-265.1
-265.1
-265.1
-265.1
-265.1
-265.1
-265.1
-265.1
-266.92
-266.92
-266.92
-266.92
-266.92
-266.92
-266.92
-266.92
-266.92
-266.92
-266.92
-266.92
-266.92
-266.92
-268.75
-268.75
-268.75
-268.75
-268.75
-268.75
-268.75
-268.75
-268.75
-268.75
-268.75
-268.75
-268.75
-268.75
-268.75
-268.75
-270.61
-270.61
-270.61
-270.61
-270.61
-270.61
-270.61
-270.61
-270.61
-270.61
-270.61
-270.61
-270.61
-270.61
-270.61
-270.61
-270.61
-272.48
-272.48
-272.48
-272.48
-272.48
-272.48
-272.48
-272.48
-272.48
-272.48
-272.48
-272.48
-272.48
-272.48
-272.48
-274.35
-274.35
-274.35
-274.35
-274.35
-274.35
-274.35
-274.35
-274.35
-274.35
-274.35
-274.35
-274.35
-274.35
-274.35
-274.35
-274.35
-274.35
-276.21
-276.21
-276.21
-276.21
-276.21
-276.21
-276.21
-276.21
-276.21
-276.21
-276.21
-276.21
-276.21
-276.21
-276.21
-276.21
-276.21
-276.21
-278.07
-278.07
-278.07
-278.07
-278.07
-278.07
-278.07
-278.07
-278.07
-278.07
-278.07
-278.07
-278.07
-278.07
-279.94
-279.94
-279.94
-279.94
-279.94
-279.94
-279.94
-279.94
-279.94
-279.94
-279.94
-279.94
-279.94
-279.94
-279.94
-279.94
-279.94
-281.81
-281.81
-281.81
-281.81
-281.81
-281.81
-281.81
-281.81
-281.81
-281.81
-281.81
-281.81
-281.81
-281.81
-281.81
-281.81
-281.81
-283.71
-283.71
-283.71
-283.71
-283.71
-283.71
-283.71
-283.71
-283.71
-283.71
-283.71
-283.71
-283.71
-283.71
-283.71
-285.63
-285.63
-285.63
-285.63
-285.63
-285.63
-285.63
-285.63
-285.63
-285.63
-285.63
-285.63
-285.63
-285.63
-285.63
-285.63
-285.63
-287.58
-287.58
-287.58
-287.58
-287.58
-287.58
-287.58
-287.58
-287.58
-287.58
-287.58
-287.58
-289.57
-289.57
-289.57
-289.57
-289.57
-289.57
-289.57
-289.57
-289.57
-289.57
-289.57
-289.57
-289.57
-289.57
-289.57
-289.57
-289.57
-289.57
-291.58
-291.58
-291.58
-291.58
-291.58
-291.58
-291.58
-291.58
-291.58
-291.58
-291.58
-291.58
-291.58
-291.58
-291.58
-291.58
-291.58
-291.58
-291.58
-293.6
-293.6
-293.6
-293.6
-293.6
-293.6
-293.6
-293.6
-293.6
-293.6
-293.6
-293.6
-293.6
-293.6
-295.63
-295.63
-295.63
-295.63
-295.63
-295.63
-295.63
-295.63
-295.63
-295.63
-295.63
-295.63
-295.63
-295.63
-295.63
-295.63
-295.63
-295.63
-297.67
-297.67
-297.67
-297.67
-297.67
-297.67
-297.67
-297.67
-297.67
-297.67
-297.67
-297.67
-297.67
-297.67
-297.67
-297.67
-297.67
-299.7
-299.7
-299.7
-299.7
-299.7
-299.7
-299.7
-299.7
-299.7
-299.7
-299.7
-299.7
-299.7
-301.74
-301.74
-301.74
-301.74
-301.74
-301.74
-301.74
-301.74
-301.74
-301.74
-301.74
-301.74
-301.74
-301.74
-301.74
-301.74
-301.74
-303.77
-303.77
-303.77
-303.77
-303.77
-303.77
-303.77
-303.77
-303.77
-303.77
-303.77
-303.77
-303.77
-303.77
-303.77
-303.77
-303.77
-303.77
-305.8
-305.8
-305.8
-305.8
-305.8
-305.8
-305.8
-305.8
-305.8
-305.8
-305.8
-305.8
-307.83
-307.83
-307.83
-307.83
-307.83
-307.83
-307.83
-307.83
-307.83
-307.83
-307.83
-307.83
-307.83
-307.83
-307.83
-307.83
-307.83
-307.83
-309.83
-309.83
-309.83
-309.83
-309.83
-309.83
-309.83
-309.83
-309.83
-309.83
-309.83
-309.83
-309.83
-309.83
-309.83
-309.83
-309.83
-311.81
-311.81
-311.81
-311.81
-311.81
-311.81
-311.81
-311.81
-311.81
-311.81
-311.81
-311.81
-311.81
-311.81
-311.81
-313.76
-313.76
-313.76
-313.76
-313.76
-313.76
-313.76
-313.76
-313.76
-313.76
-313.76
-313.76
-313.76
-313.76
-313.76
-313.76
-315.71
-315.71
-315.71
-315.71
-315.71
-315.71
-315.71
-315.71
-315.71
-315.71
-315.71
-315.71
-315.71
-315.71
-315.71
-315.71
-315.71
-315.71
-317.66
-317.66
-317.66
-317.66
-317.66
-317.66
-317.66
-317.66
-317.66
-317.66
-317.66
-317.66
-319.62
-319.62
-319.62
-319.62
-319.62
-319.62
-319.62
-319.62
-319.62
-319.62
-319.62
-319.62
-319.62
-319.62
-319.62
-319.62
-319.62
-319.62
-319.62
-321.59
-321.59
-321.59
-321.59
-321.59
-321.59
-321.59
-321.59
-321.59
-321.59
-321.59
-321.59
-321.59
-321.59
-321.59
-321.59
-321.59
-321.59
-323.6
-323.6
-323.6
-323.6
-323.6
-323.6
-323.6
-323.6
-323.6
-323.6
-323.6
-323.6
-325.63
-325.63
-325.63
-325.63
-325.63
-325.63
-325.63
-325.63
-325.63
-325.63
-325.63
-325.63
-325.63
-325.63
-325.63
-325.63
-327.65
-327.65
-327.65
-327.65
-327.65
-327.65
-327.65
-327.65
-327.65
-327.65
-327.65
-327.65
-327.65
-327.65
-327.65
-327.65
-329.66
-329.66
-329.66
-329.66
-329.66
-329.66
-329.66
-329.66
-329.66
-329.66
-329.66
-329.66
-329.66
-329.66
-329.66
-329.66
-329.66
-331.64
-331.64
-331.64
-331.64
-331.64
-331.64
-331.64
-331.64
-331.64
-331.64
-331.64
-331.64
-331.64
-331.64
-331.64
-331.64
-331.64
-333.6
-333.6
-333.6
-333.6
-333.6
-333.6
-333.6
-333.6
-333.6
-333.6
-333.6
-333.6
-333.6
-333.6
-333.6
-333.6
-335.54
-335.54
-335.54
-335.54
-335.54
-335.54
-335.54
-335.54
-335.54
-335.54
-335.54
-335.54
-335.54
-335.54
-335.54
-335.54
-335.54
-337.5
-337.5
-337.5
-337.5
-337.5
-337.5
-337.5
-337.5
-337.5
-337.5
-337.5
-337.5
-337.5
-337.5
-337.5
-337.5
-337.5
-339.49
-339.49
-339.49
-339.49
-339.49
-339.49
-339.49
-339.49
-339.49
-339.49
-339.49
-339.49
-339.49
-341.51
-341.51
-341.51
-341.51
-341.51
-341.51
-341.51
-341.51
-341.51
-341.51
-341.51
-341.51
-341.51
-341.51
-341.51
-343.56
-343.56
-343.56
-343.56
-343.56
-343.56
-343.56
-343.56
-343.56
-343.56
-343.56
-343.56
-343.56
-343.56
-343.56
-343.56
-343.56
-345.6
-345.6
-345.6
-345.6
-345.6
-345.6
-345.6
-345.6
-345.6
-345.6
-347.64
-347.64
-347.64
-347.64
-347.64
-347.64
-347.64
-347.64
-347.64
-347.64
-347.64
-347.64
-347.64
-347.64
-347.64
-347.64
-347.64
-349.68
-349.68
-349.68
-349.68
-349.68
-349.68
-349.68
-349.68
-349.68
-349.68
-349.68
-349.68
-349.68
-349.68
-349.68
-349.68
-351.71
-351.71
-351.71
-351.71
-351.71
-351.71
-351.71
-351.71
-351.71
-351.71
-351.71
-351.71
-351.71
-351.71
-351.71
-353.71
-353.71
-353.71
-353.71
-353.71
-353.71
-353.71
-353.71
-353.71
-353.71
-353.71
-353.71
-353.71
-353.71
-353.71
-353.71
-355.69
-355.69
-355.69
-355.69
-355.69
-355.69
-355.69
-355.69
-355.69
-355.69
-355.69
-355.69
-355.69
-355.69
-355.69
-357.65
-357.65
-357.65
-357.65
-357.65
-357.65
-357.65
-357.65
-357.65
-357.65
-357.65
-357.65
-357.65
-357.65
-357.65
-357.65
-357.65
-359.58
-359.58
-359.58
-359.58
-359.58
-359.58
-359.58
-359.58
-359.58
-359.58
-359.58
-359.58
-359.58
-359.58
-359.58
-361.48
-361.48
-361.48
-361.48
-361.48
-361.48
-361.48
-361.48
-361.48
-361.48
-361.48
-361.48
-361.48
-361.48
-363.36
-363.36
-363.36
-363.36
-363.36
-363.36
-363.36
-363.36
-363.36
-363.36
-363.36
-363.36
-363.36
-363.36
-363.36
-363.36
-365.22
-365.22
-365.22
-365.22
-365.22
-365.22
-365.22
-365.22
-365.22
-365.22
-365.22
-365.22
-365.22
-365.22
-365.22
-365.22
-367.07
-367.07
-367.07
-367.07
-367.07
-367.07
-367.07
-367.07
-367.07
-367.07
-367.07
-367.07
-367.07
-367.07
-368.9
-368.9
-368.9
-368.9
-368.9
-368.9
-368.9
-368.9
-368.9
-368.9
-368.9
-368.9
-368.9
-368.9
-368.9
-370.73
-370.73
-370.73
-370.73
-370.73
-370.73
-370.73
-370.73
-370.73
-370.73
-370.73
-370.73
-370.73
-370.73
-370.73
-370.73
-370.73
-372.56
-372.56
-372.56
-372.56
-372.56
-372.56
-372.56
-372.56
-372.56
-372.56
-372.56
-372.56
-372.56
-372.56
-372.56
-372.56
-374.4
-374.4
-374.4
-374.4
-374.4
-374.4
-374.4
-374.4
-374.4
-374.4
-374.4
-374.4
-374.4
-374.4
-374.4
-374.4
-374.4
-374.4
-376.23
-376.23
-376.23
-376.23
-376.23
-376.23
-376.23
-376.23
-376.23
-376.23
-376.23
-376.23
-376.23
-376.23
-378.06
-378.06
-378.06
-378.06
-378.06
-378.06
-378.06
-378.06
-378.06
-378.06
-378.06
-378.06
-378.06
-378.06
-378.06
-378.06
-378.06
-378.06
-379.89
-379.89
-379.89
-379.89
-379.89
-379.89
-379.89
-379.89
-379.89
-379.89
-379.89
-379.89
-379.89
-379.89
-379.89
-379.89
-379.89
-381.73
-381.73
-381.73
-381.73
-381.73
-381.73
-381.73
-381.73
-381.73
-381.73
-381.73
-381.73
-381.73
-381.73
-383.58
-383.58
-383.58
-383.58
-383.58
-383.58
-383.58
-383.58
-383.58
-383.58
-383.58
-383.58
-383.58
-383.58
-383.58
-383.58
-383.58
-383.58
-385.43
-385.43
-385.43
-385.43
-385.43
-385.43
-385.43
-385.43
-385.43
-385.43
-385.43
-385.43
-385.43
-385.43
-385.43
-385.43
-385.43
-385.43
-385.43
-385.43
-387.29
-387.29
-387.29
-387.29
-387.29
-387.29
-387.29
-387.29
-387.29
-387.29
-387.29
-387.29
-387.29
-387.29
-389.15
-389.15
-389.15
-389.15
-389.15
-389.15
-389.15
-389.15
-389.15
-389.15
-389.15
-389.15
-389.15
-389.15
-389.15
-389.15
-389.15
-389.15
-389.15
-389.15
-390.99
-390.99
-390.99
-390.99
-390.99
-390.99
-390.99
-390.99
-390.99
-390.99
-390.99
-390.99
-390.99
-390.99
-390.99
-390.99
-390.99
-392.84
-392.84
-392.84
-392.84
-392.84
-392.84
-392.84
-392.84
-392.84
-392.84
-392.84
-392.84
-392.84
-394.68
-394.68
-394.68
-394.68
-394.68
-394.68
-394.68
-394.68
-394.68
-394.68
-394.68
-394.68
-394.68
-394.68
-394.68
-394.68
-394.68
-394.68
-394.68
-396.55
-396.55
-396.55
-396.55
-396.55
-396.55
-396.55
-396.55
-396.55
-396.55
-396.55
-396.55
-396.55
-398.43
-398.43
-398.43
-398.43
-398.43
-398.43
-398.43
-398.43
-398.43
-398.43
-398.43
-398.43
-398.43
-398.43
-398.43
-398.43
-398.43
-398.43
-398.43
-398.43
-398.43
-400.35
-400.35
-400.35
-400.35
-400.35
-400.35
-400.35
-400.35
-400.35
-400.35
-400.35
-400.35
-400.35
-400.35
-400.35
-400.35
-400.35
-402.3
-402.3
-402.3
-402.3
-402.3
-402.3
-402.3
-402.3
-402.3
-402.3
-402.3
-402.3
-402.3
-402.3
-402.3
-404.25
-404.25
-404.25
-404.25
-404.25
-404.25
-404.25
-404.25
-404.25
-404.25
-404.25
-404.25
-404.25
-404.25
-404.25
-404.25
-404.25
-404.25
-404.25
-406.21
-406.21
-406.21
-406.21
-406.21
-406.21
-406.21
-406.21
-406.21
-406.21
-406.21
-406.21
-406.21
-406.21
-406.21
-406.21
-406.21
-406.21
-406.21
-408.18
-408.18
-408.18
-408.18
-408.18
-408.18
-408.18
-408.18
-408.18
-408.18
-408.18
-408.18
-408.18
-408.18
-408.18
-410.17
-410.17
-410.17
-410.17
-410.17
-410.17
-410.17
-410.17
-410.17
-410.17
-410.17
-410.17
-410.17
-410.17
-410.17
-410.17
-410.17
-412.18
-412.18
-412.18
-412.18
-412.18
-412.18
-412.18
-412.18
-412.18
-412.18
-412.18
-412.18
-412.18
-412.18
-412.18
-412.18
-412.18
-412.18
-412.18
-414.21
-414.21
-414.21
-414.21
-414.21
-414.21
-414.21
-414.21
-414.21
-414.21
-414.21
-414.21
-414.21
-414.21
-416.27
-416.27
-416.27
-416.27
-416.27
-416.27
-416.27
-416.27
-416.27
-416.27
-416.27
-416.27
-416.27
-416.27
-416.27
-416.27
-416.27
-416.27
-418.33
-418.33
-418.33
-418.33
-418.33
-418.33
-418.33
-418.33
-418.33
-418.33
-418.33
-418.33
-418.33
-418.33
-418.33
-418.33
-418.33
-420.39
-420.39
-420.39
-420.39
-420.39
-420.39
-420.39
-420.39
-420.39
-420.39
-420.39
-420.39
-420.39
-422.45
-422.45
-422.45
-422.45
-422.45
-422.45
-422.45
-422.45
-422.45
-422.45
-422.45
-422.45
-422.45
-422.45
-422.45
-422.45
-422.45
-422.45
-424.49
-424.49
-424.49
-424.49
-424.49
-424.49
-424.49
-424.49
-424.49
-424.49
-424.49
-424.49
-424.49
-424.49
-424.49
-426.51
-426.51
-426.51
-426.51
-426.51
-426.51
-426.51
-426.51
-426.51
-426.51
-426.51
-426.51
-426.51
-426.51
-426.51
-426.51
-426.51
-428.53
-428.53
-428.53
-428.53
-428.53
-428.53
-428.53
-428.53
-428.53
-428.53
-428.53
-428.53
-428.53
-428.53
-428.53
-428.53
-428.53
-430.54
-430.54
-430.54
-430.54
-430.54
-430.54
-430.54
-430.54
-430.54
-430.54
-430.54
-430.54
-430.54
-430.54
-432.53
-432.53
-432.53
-432.53
-432.53
-432.53
-432.53
-432.53
-432.53
-432.53
-432.53
-432.53
-432.53
-432.53
-432.53
-432.53
-434.53
-434.53
-434.53
-434.53
-434.53
-434.53
-434.53
-434.53
-434.53
-434.53
-434.53
-434.53
-434.53
-434.53
-434.53
-434.53
-434.53
-434.53
-434.53
-436.52
-436.52
-436.52
-436.52
-436.52
-436.52
-436.52
-436.52
-436.52
-436.52
-436.52
-436.52
-436.52
-436.52
-438.5
-438.5
-438.5
-438.5
-438.5
-438.5
-438.5
-438.5
-438.5
-438.5
-438.5
-438.5
-438.5
-438.5
-438.5
-438.5
-438.5
-438.5
-438.5
-438.5
-440.47
-440.47
-440.47
-440.47
-440.47
-440.47
-440.47
-440.47
-440.47
-440.47
-440.47
-440.47
-440.47
-440.47
-440.47
-440.47
-440.47
-440.47
-442.46
-442.46
-442.46
-442.46
-442.46
-442.46
-442.46
-442.46
-442.46
-442.46
-442.46
-442.46
-442.46
-442.46
-442.46
-442.46
-444.45
-444.45
-444.45
-444.45
-444.45
-444.45
-444.45
-444.45
-444.45
-444.45
-444.45
-444.45
-444.45
-444.45
-444.45
-444.45
-446.46
-446.46
-446.46
-446.46
-446.46
-446.46
-446.46
-446.46
-446.46
-446.46
-446.46
-446.46
-446.46
-448.48
-448.48
-448.48
-448.48
-448.48
-448.48
-448.48
-448.48
-448.48
-448.48
-448.48
-448.48
-448.48
-448.48
-448.48
-448.48
-448.48
-450.5
-450.5
-450.5
-450.5
-450.5
-450.5
-450.5
-450.5
-450.5
-450.5
-450.5
-450.5
-450.5
-450.5
-450.5
-450.5
-452.52
-452.52
-452.52
-452.52
-452.52
-452.52
-452.52
-452.52
-452.52
-452.52
-452.52
-452.52
-452.52
-452.52
-454.54
-454.54
-454.54
-454.54
-454.54
-454.54
-454.54
-454.54
-454.54
-454.54
-454.54
-454.54
-454.54
-454.54
-454.54
-454.54
-454.54
-456.57
-456.57
-456.57
-456.57
-456.57
-456.57
-456.57
-456.57
-456.57
-456.57
-456.57
-456.57
-456.57
-456.57
-456.57
-456.57
-458.62
-458.62
-458.62
-458.62
-458.62
-458.62
-458.62
-458.62
-458.62
-458.62
-458.62
-458.62
-458.62
-458.62
-460.66
-460.66
-460.66
-460.66
-460.66
-460.66
-460.66
-460.66
-460.66
-460.66
-460.66
-460.66
-460.66
-460.66
-460.66
-460.66
-462.68
-462.68
-462.68
-462.68
-462.68
-462.68
-462.68
-462.68
-462.68
-462.68
-462.68
-462.68
-462.68
-462.68
-462.68
-462.68
-462.68
-462.68
-464.72
-464.72
-464.72
-464.72
-464.72
-464.72
-464.72
-464.72
-464.72
-464.72
-464.72
-464.72
-464.72
-466.75
-466.75
-466.75
-466.75
-466.75
-466.75
-466.75
-466.75
-466.75
-466.75
-466.75
-466.75
-466.75
-466.75
-466.75
-466.75
-466.75
-466.75
-468.78
-468.78
-468.78
-468.78
-468.78
-468.78
-468.78
-468.78
-468.78
-468.78
-468.78
-468.78
-468.78
-470.82
-470.82
-470.82
-470.82
-470.82
-470.82
-470.82
-470.82
-470.82
-470.82
-470.82
-470.82
-470.82
-470.82
-470.82
-470.82
-472.85
-472.85
-472.85
-472.85
-472.85
-472.85
-472.85
-472.85
-472.85
-472.85
-472.85
-472.85
-472.85
-472.85
-472.85
-474.87
-474.87
-474.87
-474.87
-474.87
-474.87
-474.87
-474.87
-474.87
-474.87
-474.87
-474.87
-474.87
-474.87
-476.88
-476.88
-476.88
-476.88
-476.88
-476.88
-476.88
-476.88
-476.88
-476.88
-476.88
-476.88
-476.88
-476.88
-476.88
-476.88
-478.88
-478.88
-478.88
-478.88
-478.88
-478.88
-478.88
-478.88
-478.88
-478.88
-478.88
-478.88
-478.88
-478.88
-478.88
-478.88
-478.88
-478.88
-478.88
-478.88
-480.88
-480.88
-480.88
-480.88
-480.88
-480.88
-480.88
-480.88
-480.88
-480.88
-480.88
-480.88
-480.88
-480.88
-482.88
-482.88
-482.88
-482.88
-482.88
-482.88
-482.88
-482.88
-482.88
-482.88
-482.88
-482.88
-482.88
-482.88
-482.88
-482.88
-482.88
-482.88
-484.89
-484.89
-484.89
-484.89
-484.89
-484.89
-484.89
-484.89
-484.89
-484.89
-484.89
-484.89
-484.89
-484.89
-484.89
-484.89
-484.89
-486.89
-486.89
-486.89
-486.89
-486.89
-486.89
-486.89
-486.89
-486.89
-486.89
-486.89
-486.89
-488.88
-488.88
-488.88
-488.88
-488.88
-488.88
-488.88
-488.88
-488.88
-488.88
-488.88
-488.88
-488.88
-488.88
-488.88
-488.88
-488.88
-488.88
-488.88
-490.87
-490.87
-490.87
-490.87
-490.87
-490.87
-490.87
-490.87
-490.87
-490.87
-490.87
-490.87
-490.87
-490.87
-490.87
-490.87
-490.87
-490.87
-492.85
-492.85
-492.85
-492.85
-492.85
-492.85
-492.85
-492.85
-492.85
-492.85
-492.85
-492.85
-492.85
-492.85
-494.83
-494.83
-494.83
-494.83
-494.83
-494.83
-494.83
-494.83
-494.83
-494.83
-494.83
-494.83
-494.83
-494.83
-494.83
-494.83
-494.83
-494.83
-496.81
-496.81
-496.81
-496.81
-496.81
-496.81
-496.81
-496.81
-496.81
-496.81
-496.81
-496.81
-496.81
-496.81
-496.81
-496.81
-496.81
-498.81
-498.81
-498.81
-498.81
-498.81
-498.81
-498.81
-498.81
-498.81
-498.81
-498.81
-498.81
-500.82
-500.82
-500.82
-500.82
-500.82
-500.82
-500.82
-500.82
-500.82
-500.82
-500.82
-500.82
-500.82
-500.82
-500.82
-500.82
-500.82
-500.82
-500.82
-502.86
-502.86
-502.86
-502.86
-502.86
-502.86
-502.86
-502.86
-502.86
-502.86
-502.86
-502.86
-502.86
-502.86
-502.86
-502.86
-504.91
-504.91
-504.91
-504.91
-504.91
-504.91
-504.91
-504.91
-504.91
-504.91
-504.91
-504.91
-504.91
-506.97
-506.97
-506.97
-506.97
-506.97
-506.97
-506.97
-506.97
-506.97
-506.97
-506.97
-506.97
-506.97
-506.97
-506.97
-506.97
-509.05
-509.05
-509.05
-509.05
-509.05
-509.05
-509.05
-509.05
-509.05
-509.05
-509.05
-509.05
-509.05
-509.05
-511.14
-511.14
-511.14
-511.14
-511.14
-511.14
-511.14
-511.14
-511.14
-511.14
-511.14
-511.14
-511.14
-511.14
-511.14
-511.14
-513.23